results/clus_mem_lists/Eridanus.ecsv
# %ECSV 1.0
# ---
# datatype:
# - {name: ra, unit: deg, datatype: float64}
# - {name: dec, unit: deg, datatype: float64}
# - {name: l, unit: deg, datatype: float64}
# - {name: b, unit: deg, datatype: float64}
# - {name: parallax, unit: mas, datatype: float64}
# - {name: pmra, unit: mas / yr, datatype: float64}
# - {name: pmdec, unit: mas / yr, datatype: float64}
# - {name: e_parallax, unit: mas, datatype: float64}
# - {name: e_pmra, unit: mas / yr, datatype: float64}
# - {name: e_pmdec, unit: mas / yr, datatype: float64}
# - {name: g, unit: mag, datatype: float64}
# - {name: bp_rp, unit: mag, datatype: float64}
# - {name: source_id, datatype: int64}
# - {name: gmm_mem_prob, datatype: float64}
# schema: astropy-2.0
ra dec l b parallax pmra pmdec e_parallax e_pmra e_pmdec g bp_rp source_id gmm_mem_prob
66.27181471610514 -21.28884716558658 218.26837201653368 -41.28723446609828 0.16876334198534093 -0.06467413191166094 -0.1107273035716301 0.5726014375686646 0.44394150376319885 0.5049456357955933 20.32179832458496 0.5237102508544922 4899273730033035264 1.0
66.06899715983403 -21.258818283534453 218.15246065806025 -41.45769126143362 0.0480872610604709 0.27314013148644706 0.14225505469821187 0.17040790617465973 0.16193512082099915 0.17992554605007172 18.566375732421875 0.7135734558105469 4899320287478543360 1.0
66.2085800142913 -21.216846039245734 218.15294898777645 -41.32098596164438 0.4336789446394628 1.8127786394251324 -2.659410108093735 0.5114817023277283 0.4375484585762024 0.4730168879032135 20.13272476196289 0.6047172546386719 4899321386990192640 5.6080203040613576e-11
66.20778073933316 -21.214765156683214 218.15000719165445 -41.32104927131837 0.24420793582686548 1.427875535348739 0.43804140016197946 0.14928169548511505 0.1208975613117218 0.1390685886144638 18.48417091369629 0.8121776580810547 4899321391286552576 1.0
66.16097703969616 -21.23802582193149 218.16146170116178 -41.36973753211549 0.3979597174693334 1.406613324169394 1.7490857655447232 0.21659834682941437 0.17622148990631104 0.20805665850639343 19.00263214111328 1.1101703643798828 4899321696227827712 1.0
66.18652780567338 -21.19883214997383 218.12165349986853 -41.334945162714085 0.60476780118587 0.7974008598632628 -0.8173719725865647 0.5800843834877014 0.41802892088890076 0.5720890760421753 20.290449142456055 0.8656692504882812 4899322142906016768 1.0
66.17793966775994 -21.202585186259196 218.12309787615592 -41.34372123706868 -0.0070139883038801126 0.4939193627785494 -0.14130717093548112 0.20889388024806976 0.168559730052948 0.20392055809497833 18.95623779296875 1.327169418334961 4899322177264185344 1.0
66.18536382679694 -21.195386747822937 218.11684291835488 -41.334907995400904 0.22798613887544267 0.6545313976395151 -0.27293231394221307 0.1906910389661789 0.15229475498199463 0.17975835502147675 18.690256118774414 1.2357368469238281 4899322211623928832 1.0
66.18119405439607 -21.184745488488648 218.10176367201373 -41.33530172199987 0.26858700650823697 0.5566791198177496 -0.4836344037490753 0.12125051766633987 0.09384884685277939 0.11800266057252884 18.044475555419922 1.4104385375976562 4899322211623938048 1.0
66.18621378203733 -21.19732337236817 218.1196222785807 -41.33475545248058 -0.23454678838501716 0.37633295124033794 -0.23660590908849174 0.48628824949264526 0.3773631155490875 0.47410526871681213 20.10840606689453 0.8007259368896484 4899322211625492480 1.0
66.185696845435 -21.19070385768426 218.11104242981898 -41.33315981122523 0.25235972517541144 0.8131485743729533 0.4137679965982388 0.7991975545883179 0.5143277645111084 0.7373611927032471 20.497119903564453 0.9938793182373047 4899322215918878720 1.0
66.188341302773 -21.1882160340627 218.10891189988988 -41.33004382511896 -0.3570941181321745 0.4835379786696501 -0.3908273012918211 0.22236880660057068 0.17812897264957428 0.22571435570716858 19.120620727539062 1.1666851043701172 4899322215920272384 1.0
66.18238445899155 -21.191934006571746 218.11132355743348 -41.33647747776832 0.1931673238437268 0.22411231834449277 -0.21638289244177866 0.44338274002075195 0.35108786821365356 0.4368191957473755 20.103483200073242 0.9805030822753906 4899322215920273408 1.0
66.17837922107178 -21.195927964242486 218.11483740011198 -41.341266691779765 0.5782655150733297 0.5877435321389366 -0.3304516419183088 0.2059156447649002 0.16801157593727112 0.21129877865314484 18.986404418945312 1.2742176055908203 4899322215920274432 1.0
66.21463397321803 -21.18052452498456 218.10930992062637 -41.30435145108569 0.2944676964390443 2.345633294802706 -0.502502987969685 0.17589876055717468 0.13986192643642426 0.1631862372159958 18.704496383666992 1.3217105865478516 4899322284639745024 1.0359058816176669e-07
66.1849850130208 -21.181848373740397 218.09955725536554 -41.33104223376404 0.09973180015071874 0.6330285233416744 -0.29265979488585486 0.18901441991329193 0.14017070829868317 0.18598344922065735 18.74594497680664 1.1915035247802734 4899322314703153152 1.0
66.19088887320885 -21.18891246830242 218.11077523736967 -41.32800190895096 -0.03465548749611451 0.014994963895865854 -0.3578115675173847 0.26068511605262756 0.1991431713104248 0.2618248164653778 19.25758934020996 1.1347923278808594 4899322314704715776 1.0
66.19236749990208 -21.18798116619839 218.1101660927665 -41.3264022851786 0.4594426794857461 0.14601324300849955 -1.3679000898821991 0.644486665725708 0.4980415403842926 0.6343894004821777 20.489192962646484 1.0504608154296875 4899322314705630208 1.0
66.18787323226957 -21.18420190868384 218.1036499233134 -41.32921279785864 0.17279052652794777 0.13553394705824676 -0.3612056670854343 0.3756732940673828 0.2872561812400818 0.3788613975048065 19.850683212280273 1.063140869140625 4899322318998084608 1.0
66.18560736362501 -21.18289402434898 218.10112087522276 -41.3308152012898 0.2271873242965154 -0.2547092803705696 -0.2878625391501578 0.6021803617477417 0.4322480261325836 0.6276262998580933 20.366840362548828 0.9845962524414062 4899322318998085632 1.0
66.19492511048479 -21.180884081564045 218.10216830090545 -41.321932275633316 0.26747192096804084 0.6041307098713914 -0.45245129160345643 0.41887620091438293 0.3113193213939667 0.3848017156124115 19.82754898071289 0.8135261535644531 4899322318999485440 1.0
66.19020884554712 -21.180170930104104 218.09944756475457 -41.32589121600191 0.16993473428043135 0.5884621493039555 0.1734669146976549 0.4822636842727661 0.3406660258769989 0.47219163179397583 20.09072494506836 0.9479656219482422 4899322318999486464 1.0
66.16655713216683 -21.1951588945221 218.10930875609995 -41.35150665384369 -0.03734645503282494 -0.10634570924331445 -0.27565394667490634 0.5385193824768066 0.3672305941581726 0.5164974927902222 20.157543182373047 1.1235885620117188 4899322383422621696 1.0
66.17505550196374 -21.187549455269252 218.10294782325195 -41.34161298050189 0.5850593590188358 0.7878708196229169 -0.4385371450176412 0.45094576478004456 0.33508652448654175 0.44213053584098816 20.108240127563477 0.9445304870605469 4899322417782364160 1.0
66.16290736019035 -21.183656736074273 218.09333593895357 -41.35117263549736 0.22143873657269778 -0.0014160417554687915 0.5952812453345759 0.5895341634750366 0.4072202444076538 0.5518445372581482 20.194787979125977 0.9290523529052734 4899322417782366208 1.0
66.16594421373938 -21.18336092045666 218.0941320983621 -41.34838901877432 -0.013474532178109257 0.6146455687247246 -0.176642901141328 0.17910678684711456 0.13159368932247162 0.17050181329250336 18.644969940185547 1.2702827453613281 4899322417782367232 1.0
66.1733640596227 -21.17955287313272 218.09217097422132 -41.34063014787211 0.004735531340201613 0.400367448085497 -0.35364787591063773 0.14913389086723328 0.11908634006977081 0.14459732174873352 18.38216781616211 1.2925434112548828 4899322417782370304 1.0
66.16714115085729 -21.184661974302866 218.09624102653416 -41.347731893405054 0.38626686348062794 1.0704182212459015 -0.5291782102446386 0.5153244733810425 0.3819025456905365 0.5491228699684143 20.137571334838867 0.7461662292480469 4899322417782472704 1.0
66.16846750931397 -21.170394599091157 218.07868733294595 -41.34212670328734 0.0892806141925161 -0.14031019778111448 -0.3251587233925851 0.6115988492965698 0.4074219763278961 0.5583686828613281 20.255464553833008 1.197580337524414 4899322486501853184 1.0
66.1829439274035 -21.174182199099636 218.0890656826152 -41.330471159938014 0.11500859211774822 0.4816468634453333 -0.18612068199399462 0.11353465169668198 0.09274274110794067 0.1074855849146843 17.98841094970703 1.3887901306152344 4899322520861589504 1.0
66.17691511820307 -21.167277778858967 218.07800016796423 -41.333670673635154 0.14860006557887806 0.6496303500787686 -0.563188779778914 0.3255705237388611 0.2623338997364044 0.314889520406723 19.603984832763672 1.2883281707763672 4899322520861594624 1.0
66.08746564603136 -21.210774669817443 218.0986251915365 -41.42645204619535 0.25582960117445647 0.7047834548209048 1.845465846209619 0.5042393207550049 0.3844441771507263 0.46876123547554016 20.158052444458008 1.693826675415039 4899324857323773952 1.0
66.12370350845946 -21.185082556183417 218.08002639641853 -41.38636495492648 0.32125537412457306 2.484880255851123 0.4857011460990287 0.05503932386636734 0.04560965672135353 0.053011681884527206 16.709575653076172 0.7004337310791016 4899325033418822656 3.887028020820713e-07
66.15051387308777 -21.15559543187986 218.05302089002097 -41.353443730137066 -0.11773102506885268 0.28959986299335105 0.38731983731494546 0.35113057494163513 0.262818306684494 0.33060207962989807 19.71021842956543 0.7537002563476562 4899325441439364096 1.0
66.17231482522935 -21.141835546897845 218.04401999633188 -41.32984114657004 0.49817882677413383 1.3945028479200108 -2.8657941608470456 0.40698298811912537 0.31887200474739075 0.4101236164569855 19.996318817138672 0.6866912841796875 4899325583174629376 1.4505159043443344e-09
66.26168886002209 -21.213973282074914 218.1697461842637 -41.27302573180479 0.3167226908549326 0.1335317805136764 -1.590504059206256 0.080067478120327 0.06388527899980545 0.09175117313861847 17.299100875854492 0.9831447601318359 4899327056347201536 1.0
66.28561659704347 -21.14591152957094 218.09291289991717 -41.23067666193428 0.04333142181259471 1.2407662346397301 1.4665541620894114 0.48247769474983215 0.37989968061447144 0.5311728119850159 20.110858917236328 1.0526924133300781 4899327949700269056 1.0
66.23698802609175 -21.14698603135207 218.0755060952016 -41.27411487813221 -0.09952536353348664 0.7545701110146056 -1.8185757183822508 0.5970539450645447 0.48828184604644775 0.6317420601844788 20.473459243774414 0.7244243621826172 4899328362017129472 0.00016588688117797753
66.24143226208578 -21.087846965822962 218.0024613560057 -41.251757981281884 0.0077084229622644395 0.5656539022548485 0.05410453780410496 0.2651433050632477 0.20391006767749786 0.23142074048519135 19.48960304260254 0.5133857727050781 4899329083571197952 1.0
66.34311406160992 -21.10409501897548 218.06230205113317 -41.16668707146117 -0.20308245859942414 -0.24077528988555563 -0.235991533318671 1.5798470973968506 1.484998106956482 1.6750011444091797 20.905967712402344 0.39311981201171875 4899329564607523840 1.0
