results/clus_mem_lists/NGC 5904.ecsv
# %ECSV 1.0
# ---
# datatype:
# - {name: ra, unit: deg, datatype: float64}
# - {name: dec, unit: deg, datatype: float64}
# - {name: l, unit: deg, datatype: float64}
# - {name: b, unit: deg, datatype: float64}
# - {name: parallax, unit: mas, datatype: float64}
# - {name: pmra, unit: mas / yr, datatype: float64}
# - {name: pmdec, unit: mas / yr, datatype: float64}
# - {name: e_parallax, unit: mas, datatype: float64}
# - {name: e_pmra, unit: mas / yr, datatype: float64}
# - {name: e_pmdec, unit: mas / yr, datatype: float64}
# - {name: g, unit: mag, datatype: float64}
# - {name: bp_rp, unit: mag, datatype: float64}
# - {name: source_id, datatype: int64}
# - {name: gmm_mem_prob, datatype: float64}
# schema: astropy-2.0
ra dec l b parallax pmra pmdec e_parallax e_pmra e_pmdec g bp_rp source_id gmm_mem_prob
[from data line 902]
229.61015683528555 1.9651961151364066 3.7012800627511604 46.745520191411906 0.027655620533085536 5.7837850956746895 -11.79314188267635 1.0017369985580444 1.828518033027649 1.9058541059494019 20.387842178344727 -0.07704925537109375 4421474325049383424 0.0010273665036262657
229.61174606430518 1.9662445179283274 3.7039277731569653 46.74494569626223 -0.0036710643561494363 4.101958580173333 -10.870976937377224 1.4013432264328003 1.3950430154800415 1.3822600841522217 20.58395767211914 1.0310783386230469 4421474325049762816 0.9693764752299284
229.65780361001268 1.9457570980761894 3.7229516477315676 46.69627878354645 0.4324799248668689 3.6618407947690907 -10.54695829058656 0.4335934519767761 0.5197149515151978 0.4384133815765381 19.483428955078125 0.6969051361083984 4421474355113419776 0.9790181065030449
229.65198596647326 1.9482509805955008 3.720443988957766 46.702367098431736 -0.007622866218567375 3.588260964599514 -9.910008295033359 0.3410817086696625 0.34712618589401245 0.33972352743148804 19.261350631713867 0.7122802734375 4421474355113424896 0.9949776411731395
229.65939456586594 1.9497081027125072 3.7288879282027323 46.697528584174336 0.9376452591999216 3.8051724084173895 -9.648853265925974 0.6835386753082275 0.8458857536315918 0.7867283821105957 20.150922775268555 0.9328765869140625 4421474355113426432 0.9814729272370011
229.6535645468965 1.9502146231763182 3.724116983949296 46.70237629712327 -0.5947599005432811 4.292188032478867 -10.837698384820715 0.8217076659202576 0.8851057887077332 0.9582390785217285 20.30643081665039 0.5924644470214844 4421474355113430016 0.8950221551479409
229.65685037412825 1.9504796163620886 3.7274299129003827 46.699990440426085 -0.21147024820868326 4.927150635850559 -10.883796517710696 0.34570273756980896 0.3628169596195221 0.38223403692245483 19.24791717529297 0.71917724609375 4421474355113431040 0.8943707469417668
229.6553529327799 1.9518468225679204 3.7276066601948874 46.70201387589429 -0.07234900704715075 4.172342145204868 -8.640976203965636 0.5712291598320007 0.6361387968063354 0.640042781829834 19.96670150756836 0.7053432464599609 4421474355113433600 0.8326310024396029
229.66111019931185 1.9502853352152292 3.7311148896968884 46.6965588862729 -0.042405084995165425 4.0155084284924865 -9.839963970779595 0.2416093349456787 0.2564190626144409 0.2801254689693451 18.702062606811523 0.6548213958740234 4421474355113437184 0.9970129657871464
229.6564583133596 1.9534675559825825 3.730457125389995 46.70217475356055 0.24482735269151162 2.909012339320161 -4.1874849499479145 0.19798804819583893 0.1932954490184784 0.20554646849632263 18.27945327758789 1.2650985717773438 4421474355113438208 2.7913130084968748e-33
229.66199164836766 1.9461105595976471 3.7271915898001944 46.69324773415661 0.46320296560105095 -0.6224148525526284 -9.281104491489723 1.130379557609558 2.10058331489563 1.3226633071899414 20.638225555419922 0.890594482421875 4421474355113889792 8.41173155130299e-21
229.66060841371177 1.9528644913202773 3.7335781341809704 46.698571203788426 0.09047952843060585 4.233667866742847 -11.029539986597129 0.5874210000038147 0.630431592464447 0.6828416585922241 19.919340133666992 0.7638874053955078 4421474355113894912 0.927189726013124
229.66712160366876 1.9486653089341548 3.7347890307628697 46.69086952678335 0.1391708669348958 4.446698251142731 -10.129023465083536 0.4519774913787842 0.6436419486999512 0.49936094880104065 19.616294860839844 0.8095321655273438 4421474355114092032 0.9953036661821038
229.66429383954906 1.9464730774278456 3.7297127465141564 46.69168731026589 0.36805288340057285 4.72322862587 -10.955703663073034 0.2987123429775238 0.40554794669151306 0.34314537048339844 18.882993698120117 0.9189357757568359 4421474355116753408 0.9108667262935343
229.65467045381763 1.948224639792689 3.7228755503040447 46.700265182259955 0.3818803559992701 5.5586476862117244 -10.742362131696312 0.4892139136791229 0.5133529901504517 0.5246953368186951 19.746950149536133 0.7063045501708984 4421474359410531328 0.3439964482873655
229.66843460958742 1.9502112785756398 3.737744487601043 46.69082189864125 -1.5853869554056417 4.415913542571694 -10.385026281794474 0.7188119292259216 1.107001781463623 0.8829399347305298 20.132265090942383 0.942626953125 4421474389472599040 0.0815274422968819
229.66929103637963 1.9492831854557502 3.737477584313813 46.68957271641945 0.5744644532201718 5.222671495503901 -8.59046006891619 0.5970485806465149 0.885958731174469 0.7138251066207886 19.947608947753906 0.6109790802001953 4421474389473167872 0.004495675055267052
229.6636798019094 1.9554356134907667 3.7393077662405547 46.69780229431732 0.8249483844654475 4.0870303717415535 -12.02405223966124 0.6164239645004272 0.6469640135765076 0.7279384732246399 19.871728897094727 0.6832370758056641 4421474389473182208 0.0008924246435865349
229.6729948693381 1.958269194068018 3.751056547588938 46.69234676022723 0.26348778509023646 3.7863639371386606 -9.271607181400142 0.22480885684490204 0.23253832757472992 0.24593114852905273 18.651090621948242 0.7094173431396484 4421474389473186304 0.992647978956797
229.67351722876563 1.9602290925617363 3.7537568013093963 46.69317341015323 0.7571981205770638 3.379325798662391 -9.3275458854852 0.9511433243751526 1.0215944051742554 1.1698857545852661 20.434852600097656 0.9014167785644531 4421474389473188864 0.9724930470727773
229.6687956801025 1.9599668706896034 3.749132862142277 46.6966773242733 0.46059535051671896 4.352923671931432 -10.474452207904866 0.30808934569358826 0.3138361871242523 0.32779788970947266 19.033262252807617 0.7040596008300781 4421474389473189888 0.9907215323199261
229.6618771078825 1.9616013535362131 3.7446447546745985 46.70308106139024 0.22957564350851872 3.95767577875306 -9.76060913094281 0.15701955556869507 0.17656998336315155 0.185592383146286 18.03670310974121 0.7360610961914062 4421474389473193984 0.9972740639936996
229.6719061473541 1.9611380953485027 3.7533109415598283 46.6949969533771 0.3625055551616523 3.9541197439186826 -9.736949624959639 0.23982803523540497 0.2536127269268036 0.26382026076316833 18.761335372924805 0.6897964477539062 4421474389473197568 0.996715970583125
229.6653482790782 1.9632282475095317 3.7496706271005626 46.701407144865534 0.25803396342214624 4.236182020676021 -10.217074891517 0.22917728126049042 0.23855982720851898 0.2505762577056885 18.665565490722656 0.6797561645507812 4421474389473198080 0.9963067196873833
229.66915863574434 1.965284742662059 3.7554940614580636 46.69973960531515 -0.8827334348496112 3.3213754128480693 -9.407720800941352 0.7447920441627502 0.8125802874565125 0.855901300907135 20.300561904907227 1.074239730834961 4421474389473200640 0.8404011362303373
229.67450691960326 1.9546783765722617 3.7483720553974216 46.68891355887659 0.767233444978576 4.437826329379204 -10.442223307015986 0.7423778772354126 0.9292133450508118 0.8358305096626282 20.18769073486328 1.125925064086914 4421474389473633280 0.9772619965786062
229.6653656728749 1.9555791654804735 3.7410156999667046 46.69658274660427 0.533823369828033 3.597202804582024 -9.187319481540916 0.43785473704338074 0.47357285022735596 0.4987267553806305 19.638507843017578 0.7578544616699219 4421474389473634816 0.9840569054040988
229.67455000282345 1.9568862481801188 3.750914002368306 46.690268636710165 0.8402468284555851 4.673834504933089 -10.377533683429254 0.7515476942062378 0.9545935988426208 0.8245298266410828 20.268817901611328 0.8400764465332031 4421474389473635328 0.9556679440832817
229.6624594061346 1.9602093340927857 3.7436004357463077 46.70175310162918 0.6756594602883427 3.674465544669541 -10.009446199305037 0.5806581377983093 0.6216886043548584 0.666351854801178 19.93744659423828 1.145303726196289 4421474389473637888 0.9922062691020569
229.66810218791687 1.9643362019713217 3.7534505590343947 46.69996402999744 -0.3562227161966756 3.922899183657582 -9.77770690306929 0.5616862177848816 0.5901006460189819 0.6132204532623291 19.8468074798584 0.9056186676025391 4421474389476497408 0.9951608401878468
229.66531300967966 1.9585240349078263 3.74430550321714 46.69847591543164 -0.5078102764089244 4.4270320502290845 -9.196613155468755 0.44393426179885864 0.4783293604850769 0.5043581128120422 19.62826919555664 0.7479591369628906 4421474389477488640 0.9626277536881519
229.67068595618116 1.9630572369344468 3.7543683845814555 46.697151997228325 0.7542768699544065 4.531840281276143 -9.845710901162935 0.35679516196250916 0.3708612024784088 0.3853994309902191 19.321142196655273 0.7180824279785156 4421474393767830016 0.9825811695100535
229.6668228840053 1.9564626043550202 3.7433526415864713 46.69600620620345 -0.2273267633780357 4.185091972390107 -9.697895689754358 0.22506025433540344 0.24074707925319672 0.2602584660053253 18.652942657470703 0.7067775726318359 4421474393769868288 0.9958330406682696
229.66454565830165 1.9577492871426498 3.742723975053489 46.69858483984304 1.0264150712764306 3.4306480050432517 -9.84441958666877 0.3958462178707123 0.44401514530181885 0.49817755818367004 19.45696258544922 0.7385902404785156 4421474393769868800 0.9604978511885592
229.66065279118195 1.9605024752091451 3.7422767761087847 46.70334117118561 0.1534582323830337 3.578663788199833 -9.684866586057629 0.14381738007068634 0.15070390701293945 0.16707199811935425 17.8883113861084 0.7699489593505859 4421474393769870336 0.9957572413141195
229.64565067612426 1.9521522030457972 3.719056292370363 46.70974296546222 0.24246830928874896 4.091763555820464 -9.157050446776179 0.38955098390579224 0.4079103171825409 0.37512505054473877 19.535791397094727 0.717864990234375 4421474423832911872 0.988472903956263
229.64632860954075 1.9540042783532217 3.7217773924401647 46.71038164513798 0.27181817144716613 3.2173898224950577 -10.173979034989395 0.42573854327201843 0.44499772787094116 0.4532885253429413 19.556747436523438 0.9169788360595703 4421474423832915968 0.9758092161249999
229.65073285871878 1.9562002958700484 3.728305366199234 46.70834186315858 0.4676886316485869 4.025112167244522 -10.19547727214837 0.3173883855342865 0.3275448679924011 0.33791929483413696 19.1375789642334 0.7186851501464844 4421474423832919552 0.9955374468454296
229.64593597788104 1.9571014676984848 3.7249283060756477 46.71263527081536 0.14153593580119808 4.068411472958687 -10.162637338218108 0.15467597544193268 0.16585804522037506 0.1611255258321762 18.192190170288086 0.6824569702148438 4421474423832921600 0.9969213779039141
229.6566699397152 1.9584101328805352 3.7362537757623606 46.7051195351529 -0.13429755536265248 3.7385765609116617 -9.288794067415965 0.45521101355552673 0.48471343517303467 0.4745562672615051 19.622358322143555 0.7965755462646484 4421474423832925184 0.9927074017448239
229.64264070437787 1.958312526662443 3.7232792248139783 46.71595707792724 0.06741548076161354 3.9099050825417097 -9.530233880050012 0.1301998794078827 0.13763533532619476 0.13315589725971222 17.840486526489258 0.7552528381347656 4421474423832926720 0.9967319869316705
229.65079672791967 1.9612039717922392 3.7340363684272764 46.71143996815743 0.09772892083618537 3.890128977117387 -10.054153922941003 0.19887465238571167 0.22311417758464813 0.2401409149169922 18.461641311645508 0.6989650726318359 4421474423832943616 0.9970612765001878
229.64095025911374 1.9546904521582253 3.717622663500967 46.71499126995632 0.04110216787438954 4.295320427321202 -9.931868691938664 0.14244413375854492 0.16315264999866486 0.14594720304012299 18.04806900024414 0.7355384826660156 4421474423833372160 0.9970745266817601
229.63703887551878 1.959112126441318 3.719047832620311 46.720811716182276 1.3352497905214054 3.5440403022112785 -8.478433298916398 0.8537466526031494 1.1228044033050537 1.0459264516830444 20.30897331237793 0.9572696685791016 4421474423833375232 0.04903982830114416
229.6394876577041 1.9611055051926936 3.723553929471673 46.72016366045346 0.7984796720113742 4.490707697992537 -10.380529338103779 0.4641661047935486 0.5165820717811584 0.44582897424697876 19.83773422241211 0.8905963897705078 4421474423833375744 0.9795447231088455
229.64851792808508 1.963823121667667 3.7349164083810114 46.71485796354281 0.5293369292396174 3.8229590023338136 -9.881433245652563 0.16502104699611664 0.184480682015419 0.199756920337677 18.17757797241211 0.6805400848388672 4421474423833496576 0.9960334954874004
229.6452155370439 1.9515764302221448 3.7180045909147625 46.70971869764177 0.19625865866167438 4.369366008411934 -9.479350049009012 0.43859460949897766 0.4505782723426819 0.4087223410606384 19.614057540893555 0.7127723693847656 4421474423836197376 0.9935237228528733
229.64821100542505 1.9629564710804002 3.7336523768879006 46.71455124731058 -0.2469666507304551 3.998148556683493 -9.997714499042903 0.19823412597179413 0.22247692942619324 0.2398356795310974 18.515161514282227 0.6609764099121094 4421474423836203008 0.9963708388322466
229.64622687980963 1.9643490856715236 3.7334119595515403 46.716968753713786 2.391051382205346 5.485529917362109 -10.827073262043031 0.7640467286109924 0.9469149708747864 1.0335348844528198 20.291820526123047 0.6534900665283203 4421474423837221888 4.708219924682761e-07
229.64552777564137 1.9657253904296736 3.7343314135204113 46.718377660362044 -0.056242203978576655 3.982704342244355 -9.877165650970165 0.19243472814559937 0.20837025344371796 0.21825522184371948 18.33420181274414 0.6730575561523438 4421474423837636096 0.9974626785256173
229.65705494720845 1.9579506979502042 3.7360859148635646 46.70453141320427 -0.3329763086289927 4.202262657402059 -9.88038272218125 0.7717194557189941 0.812601625919342 0.838956356048584 20.07074546813965 0.7131690979003906 4421474428127568896 0.9955689594732967
229.64274445753466 1.9595020580320917 3.7247229614448334 46.71662487225468 0.06476932941941066 4.621126674827818 -10.175869706907813 0.2895262837409973 0.31212562322616577 0.2875436842441559 19.103965759277344 0.7193355560302734 4421474428127576064 0.9942989565174423
229.65010126229896 1.9617835167808613 3.7340557469324445 46.71234484473995 -0.04680273519692488 3.9643473780996605 -9.814786921504927 0.2546807527542114 0.2724991738796234 0.2908930778503418 18.811683654785156 0.6479721069335938 4421474428128229376 0.9973493665960113
229.6534484124645 1.9592158606916381 3.7342136988466663 46.70812922736262 -0.045641282986203444 3.8454845227387713 -10.600851861357699 0.7578527927398682 0.8531160354614258 0.8948019742965698 20.3264102935791 1.7237052917480469 4421474428128489984 0.9845984254527227
229.65023749061635 1.95229767043305 3.7234273669428557 46.7062714105202 -0.4581235961444033 3.6368328689406066 -9.412467009377666 0.8870177268981934 1.013681173324585 1.1921236515045166 20.445064544677734 0.5846023559570312 4421474428128508928 0.9869109400937923
229.63960830147641 1.9597449690522533 3.7221220475202736 46.719213947696566 -0.6827224589741345 4.681620512023365 -9.9942624496343 0.37785467505455017 0.44187217950820923 0.37324145436286926 19.566425323486328 0.8670692443847656 4421474428129612288 0.9755232240088602
229.6526567757047 1.9633320365532112 3.738154445959576 46.711333481766616 0.13652718911581666 3.826652206314979 -9.98572736198473 0.17518270015716553 0.18988977372646332 0.20097091794013977 18.30164909362793 0.6612510681152344 4421474458192680960 0.9971052508630004
229.66589594112926 1.9668497556584092 3.7542783631899503 46.703259096031076 0.14835827655819794 3.8744128632940207 -10.030562072302317 0.21018218994140625 0.22834575176239014 0.24078959226608276 18.620943069458008 0.7038955688476562 4421474458192683008 0.9970775710766278
229.66347552159024 1.9682521484577553 3.7536501045687705 46.706021814311434 0.454383017856256 3.69457331573494 -9.209816048612678 0.38991162180900574 0.4185633957386017 0.4437442421913147 19.47554588317871 0.8844833374023438 4421474458192685056 0.989479117458115
