results/clus_mem_lists/NGC 5904.ecsv
# %ECSV 1.0
# ---
# datatype:
# - {name: ra, unit: deg, datatype: float64}
# - {name: dec, unit: deg, datatype: float64}
# - {name: l, unit: deg, datatype: float64}
# - {name: b, unit: deg, datatype: float64}
# - {name: parallax, unit: mas, datatype: float64}
# - {name: pmra, unit: mas / yr, datatype: float64}
# - {name: pmdec, unit: mas / yr, datatype: float64}
# - {name: e_parallax, unit: mas, datatype: float64}
# - {name: e_pmra, unit: mas / yr, datatype: float64}
# - {name: e_pmdec, unit: mas / yr, datatype: float64}
# - {name: g, unit: mag, datatype: float64}
# - {name: bp_rp, unit: mag, datatype: float64}
# - {name: source_id, datatype: int64}
# - {name: gmm_mem_prob, datatype: float64}
# schema: astropy-2.0
ra dec l b parallax pmra pmdec e_parallax e_pmra e_pmdec g bp_rp source_id gmm_mem_prob
[from data line 8008]
229.6937728056259 2.1484257455782383 3.9860873157005505 46.79555200618266 0.5322678767619133 3.945598517301386 -9.427190986193605 0.23978911340236664 0.31046155095100403 0.33730843663215637 18.919206619262695 0.7195053100585938 4421575029147587072 0.9954601160915607
229.6911212393409 2.1541621819836685 3.9901930192349973 46.80121133006864 0.3639725158439434 4.548510476360677 -9.879150258461458 0.3506036400794983 0.4117904603481293 0.43115663528442383 19.480192184448242 0.7423248291015625 4421575029147592704 0.9965017332456516
229.69202045238558 2.1460443698966265 3.981773646973115 46.795424551461046 0.21429217553780947 3.8076840556822944 -9.690621575408576 0.17384073138237 0.20267561078071594 0.2097155600786209 18.484540939331055 0.7409248352050781 4421575029151876096 0.9977711316796811
229.68880488987978 2.1414130204861492 3.9735604341090083 46.79502636239469 -0.6106401723872199 4.245537765081508 -9.874942315421215 0.32397979497909546 0.37383100390434265 0.3910529613494873 19.31818962097168 0.5726814270019531 4421575029152433152 0.9931912996978063
229.69190489873702 2.1449336116980615 3.9804035342944144 46.79481850751349 0.031421433677527796 3.987339744448245 -10.039026588704516 0.12621890008449554 0.1465645134449005 0.15577754378318787 17.96131134033203 0.6948776245117188 4421575029152434176 0.9979727356496293
229.6930560080537 2.138261456697291 3.973861966458383 46.78974085898952 0.2520086007435956 4.097031221828055 -9.548542994519085 0.1824343502521515 0.21947120130062103 0.2287009060382843 18.539634704589844 0.5740146636962891 4421575033442927616 0.9976323159902197
229.69903143787792 2.143282050577788 3.985041433791317 46.78823358459143 -0.7380461053959401 2.884341817656388 -9.130450819038467 0.3845963478088379 0.47052162885665894 0.5006335973739624 19.54070472717285 0.8279457092285156 4421575033442942464 0.473635696432602
229.68985469355408 2.1375983281038415 3.970178894739352 46.79181813639402 0.23998322983130976 4.458761213063973 -9.395271642820365 0.3095722496509552 0.3808484971523285 0.421193391084671 19.258548736572266 0.6369972229003906 4421575033442942976 0.9942113855183883
229.69491575524998 2.141509325380942 3.979259639124139 46.79032796428512 -0.054549436865633516 4.253487028116446 -9.907676889838498 0.4594194293022156 0.5790250897407532 0.6577028036117554 19.63133430480957 0.7071857452392578 4421575033442958336 0.9980731608404897
229.68841037194701 2.1387334884240166 3.9701496443936892 46.79365425976637 -0.01729915786846562 4.128637305773059 -9.625691925128896 0.24792402982711792 0.28856417536735535 0.33236128091812134 18.903419494628906 0.5999755859375 4421575033442979840 0.997926372619377
229.68972225697675 2.1397430786073115 3.972498841556057 46.79326543318666 -0.0054562758144366605 4.564506100470042 -9.569782908834195 0.2731311023235321 0.334546834230423 0.32448309659957886 19.02200698852539 0.7308788299560547 4421575033442982400 0.995578751183818
229.69332759421647 2.1448724395857566 3.981635176475013 46.79367222189434 -0.07639701623440907 3.7566462124881825 -8.269969544881082 0.4474141597747803 0.569861888885498 0.6227285861968994 19.72869300842285 0.766082763671875 4421575033443035136 0.4712967771411419
229.68600144404294 2.1405058611392374 3.9699632287388584 46.7966408736949 0.8333518938601914 4.292279123475714 -9.854705578634125 0.3762219548225403 0.47193440794944763 0.5033091306686401 19.591827392578125 0.6336517333984375 4421575033443040256 0.9927400391241392
229.69467733566827 2.1467535032489136 3.9850109480187217 46.79379974979635 0.0820953721716904 4.233068657386167 -10.126816189140484 0.12132789194583893 0.14047929644584656 0.1504582166671753 17.90032196044922 0.7665786743164062 4421575033443053568 0.9979602090694505
229.68376288627204 2.142807982232009 3.970535693518085 46.79982683114305 0.2622538673722609 3.647364060221518 -10.04263748261262 0.2791074812412262 0.32703691720962524 0.3353427052497864 19.1884708404541 0.7242698669433594 4421575033443102208 0.9965400854014222
229.6869800681464 2.144959010113997 3.975927524447514 46.79866963085365 -0.07701735973718565 4.037207491888637 -9.909405838048105 0.4150071144104004 0.4914756715297699 0.4675864279270172 19.645198822021484 0.7213134765625 4421575033443104768 0.9980518234270127
229.6948035780103 2.1499385074845545 3.9887522056546567 46.795697069401854 0.9028565316992425 4.168602196427855 -9.943518450034576 0.30704665184020996 0.37672898173332214 0.41343826055526733 19.249221801757812 0.66082763671875 4421575033443106816 0.9915615728066011
229.6856632589718 2.1443509126069267 3.9740306531996437 46.79931397633422 0.5798429993579941 4.72506924006851 -11.61386418028468 0.5025286078453064 0.6599135398864746 0.7289813160896301 19.845829010009766 0.806488037109375 4421575033443109376 0.1732561358582882
229.6842765234962 2.143866408495161 3.97221045471023 46.80009020159478 0.7585556121618423 4.105363110959372 -10.418894672013517 0.3320716619491577 0.3821669816970825 0.385543555021286 19.413251876831055 0.8233280181884766 4421575033443119104 0.990968265614457
229.68873261446717 2.1467592723416073 3.9795800776007715 46.79843299552466 -0.11091925824774257 4.043671668633784 -9.631129923087183 0.14463455975055695 0.16518300771713257 0.171523779630661 18.103965759277344 0.6599388122558594 4421575033443120640 0.9977196934271296
229.68948512173026 2.148165058659491 3.9818687784865454 46.79872787683395 0.1132761972938052 4.62764278561123 -10.454417912043173 0.26993250846862793 0.30275145173072815 0.3122703731060028 19.055654525756836 0.7598705291748047 4421575033443133952 0.9945610336289169
229.68218419835583 2.1439957660772846 3.9704434352457936 46.80180056145704 0.06942038958519253 4.324720056527022 -9.793953060674353 0.12706159055233002 0.1454981416463852 0.1501222848892212 17.96937370300293 0.7388381958007812 4421575033443141632 0.9980401328463026
229.6911965748739 2.1500545695672253 3.9855853268226755 46.798578984886014 -0.16164986226139655 3.6128930598273548 -9.788748118459493 0.16275568306446075 0.18636202812194824 0.1926305890083313 18.333248138427734 0.6758880615234375 4421575033443151360 0.9957400761031511
229.6905505748314 2.1497781947411303 3.984679808833548 46.798908917291705 0.3561754138163949 3.978192595384215 -10.111126800112125 0.17460106313228607 0.20068298280239105 0.20829546451568604 18.48804473876953 0.6743297576904297 4421575033443153408 0.9975984839696028
229.6926698007162 2.1525487640917644 3.989772409490148 46.79899437895093 0.3384172985162351 4.379723408546166 -10.770903943870339 0.22929751873016357 0.2859481871128082 0.31415921449661255 18.756593704223633 0.7286911010742188 4421575033443175424 0.9864964324633099
229.6916143154738 2.1518911130868985 3.988058294910845 46.799404369904835 0.2645005139611367 3.7101657273967485 -9.619433729207287 0.26855313777923584 0.33174338936805725 0.3460489809513092 19.11549186706543 0.7333507537841797 4421575033443175936 0.9971732369197971
229.69084656044916 2.153472431917526 3.989156460910151 46.80099310113883 0.20887203256803868 3.4526934727569936 -9.600068057740453 0.45096737146377563 0.5264118909835815 0.5288724303245544 19.854185104370117 0.6668930053710938 4421575033443206656 0.994892518270807
229.687925237338 2.151423072208695 3.9841510785343313 46.80198419189165 0.23699852388732218 4.33625755600923 -9.695264955092469 0.44142502546310425 0.5157136917114258 0.5424013733863831 19.802448272705078 0.7288074493408203 4421575033443993600 0.9976047490793907
229.69296651414922 2.1497982345059024 3.9869123517524385 46.79703992475623 1.2526181474647073 2.850586767787332 -8.40331554501118 1.2830437421798706 1.142167329788208 1.3061643838882446 20.43604850769043 0.4819622039794922 4421575033444572672 0.017445114964001262
229.69292773875156 2.148285065386674 3.9851542545363197 46.79612200046766 -1.9992737632626905 4.217533678861836 -11.011695999416999 0.8412604928016663 1.2539169788360596 1.5717709064483643 20.48618507385254 0.7601718902587891 4421575033444573696 7.727336577625628e-05
229.69210355992143 2.1483124241769684 3.984431576584209 46.79678101286048 -0.6497686461118375 3.841497041009989 -10.55968950330209 1.386866569519043 1.8549548387527466 1.7841479778289795 20.74969482421875 0.4819450378417969 4421575033444576256 0.9418119379643984
229.69280063500182 2.142795639096262 3.9787891957145556 46.79278119547312 0.07472034550955889 3.0355642197457255 -9.279734756776456 0.9403751492500305 1.4397069215774536 1.549744963645935 20.46514892578125 1.0429267883300781 4421575033444582400 0.9645473880705995
229.68987049482675 2.1474074765029427 3.9813588413120664 46.797953039448736 1.8228828059847606 2.5492568048412214 -10.362257302022531 0.9324051141738892 1.6318610906600952 1.8790961503982544 20.413875579833984 0.8682060241699219 4421575033444582912 0.0008481461888830169
229.6881936977189 2.144795030559524 3.9768510678319173 46.79762177247328 -0.19899132337940859 5.474458374724575 -10.03245705379552 0.8037614226341248 1.203216791152954 1.4158731698989868 20.405332565307617 0.9054431915283203 4421575033444589568 0.8603254286579191
229.69233662402883 2.1402254002585988 3.9754392528743008 46.79153185054056 0.2516587757296628 3.468802149637174 -9.30338492110334 0.20037637650966644 0.22991128265857697 0.23483408987522125 18.63527488708496 0.6855125427246094 4421575033446670848 0.992843991567227
229.69832536546286 2.146732858601925 3.9883237283922104 46.79094568134722 0.12946614291349615 4.17720082731023 -9.690066063877147 0.035627398639917374 0.04299597069621086 0.04595532640814781 15.612454414367676 0.010822296142578125 4421575033446679552 0.9980240174656091
229.68843488486883 2.1478847508789967 3.980588986755654 46.79937012371658 0.05420425782420482 4.17945897238809 -10.11640716724827 0.11294920742511749 0.13015496730804443 0.1347097009420395 17.702957153320312 0.8443279266357422 4421575033446700032 0.9979959858128288
229.6994029383431 2.148194090176361 3.9909725336051896 46.791021961292884 0.1259093795805258 4.161729538828233 -9.983254328892293 0.15361922979354858 0.1755933165550232 0.18138547241687775 18.268259048461914 0.6933841705322266 4421575063506066944 0.9981956023475538
229.70061628908292 2.1621737604021942 4.007998494430342 46.7988344513581 0.17661980235829747 4.51630026763635 -10.003859536678513 0.27737995982170105 0.3302931785583496 0.3473603427410126 19.080333709716797 0.6847801208496094 4421575063506074624 0.997250953466904
229.6975693053413 2.1549384188331797 3.996973883943576 46.79667547490816 0.3321326361965665 4.003982817748858 -9.751832497628634 0.14103072881698608 0.1673194020986557 0.17999626696109772 18.105295181274414 0.7272548675537109 4421575063506605568 0.9979071743809873
229.70750015641835 2.15723002211111 4.008663048518009 46.79037549826566 0.12408156395021402 4.555168707549522 -9.919318693834244 0.28814610838890076 0.3239194452762604 0.333543986082077 19.2125301361084 0.7751102447509766 4421575063506610176 0.9970153372534004
229.69732319647724 2.15705462712868 3.9991583048372883 46.7981928968692 0.2358087570393765 4.257067884436349 -10.496656515405535 0.2689911723136902 0.32013270258903503 0.3235332667827606 19.102746963500977 0.7611255645751953 4421575063506610688 0.9953234442412489
229.7066084801291 2.1588163640719835 4.009654046787256 46.792063717332574 0.18669563332132727 3.8537754008851843 -9.897388289954003 0.20598049461841583 0.2293454259634018 0.2406725436449051 18.721647262573242 0.7072391510009766 4421575063506615808 0.9977904553350586
229.70050719956018 2.1581522608325288 4.003319576077408 46.79640039936801 0.20898120426402375 4.4023885712381245 -10.221143041747023 0.1685502678155899 0.215726837515831 0.2365441918373108 18.39473533630371 0.6797218322753906 4421575063507338752 0.9972676661759143
229.70146282792575 2.1462890406423205 3.9906875996823983 46.78822404372167 0.020105445191635537 3.9567871482166943 -10.417228947246128 0.16654811799526215 0.19683726131916046 0.20944339036941528 18.40595817565918 0.7239551544189453 4421575063507657728 0.9952426962890991
229.70176178974657 2.1552176809562402 4.001125478518629 46.79358486862785 0.3942914305085749 3.9499442476499818 -10.060793164899824 0.2072749137878418 0.26478278636932373 0.28504419326782227 18.674461364746094 0.7154693603515625 4421575063507662336 0.9974872057545286
229.70213193131548 2.157649849998408 4.004233096624358 46.794820113456495 0.2579183818534824 4.129844551702362 -9.976659498821078 0.12702278792858124 0.1571102738380432 0.16831158101558685 17.875057220458984 0.7608795166015625 4421575063512175616 0.9980610739706037
229.7015247942144 2.149743509849205 3.9946766391983113 46.79034007256791 0.23928333292398218 4.138231370929637 -10.201894526932547 0.15247370302677155 0.1758919060230255 0.18818749487400055 18.214387893676758 0.7754859924316406 4421575067802769920 0.9976456594336162
229.70141638641488 2.152992829182135 3.9982766476161133 46.7924601491109 0.7897719466464389 3.463719770781102 -10.042232696297113 0.3887037932872772 0.45809903740882874 0.4879792630672455 19.620765686035156 0.8110218048095703 4421575067802828800 0.9853192939469559
229.70093623775537 2.154308689287544 3.9993357116785 46.793658470635535 0.33044312509742746 3.5267333331672948 -9.533152186064113 0.3186393678188324 0.4189147353172302 0.4607984125614166 19.336156845092773 0.6671047210693359 4421575067802858496 0.9952144881637814
229.69387373273756 2.1553851501008716 3.994102884214191 46.79983375310117 0.21038813516132715 3.4245866756082233 -9.456645418250995 0.25523027777671814 0.2924937903881073 0.31137070059776306 19.028146743774414 0.7085704803466797 4421575067802945024 0.9935355771836963
229.702219895911 2.162058774851256 4.00933376456796 46.79751325397128 0.13295077585086962 4.354732986492953 -10.384989635464999 0.15122999250888824 0.17424632608890533 0.1808045357465744 18.272275924682617 0.664794921875 4421575067802965504 0.9964259826947103
229.7014158680402 2.1631377146781916 4.009827258617423 46.79881537583194 -0.26122490630351475 4.522518513796633 -9.981949525827421 0.37851575016975403 0.3999752998352051 0.41025057435035706 19.324447631835938 0.8922958374023438 4421575067802989568 0.9962324405405256
229.69777307070686 2.150785059384944 3.992431631334891 46.79391469874555 -1.3733475751628277 3.531979851774034 -8.96553707419456 0.558299720287323 0.6314993500709534 0.6514744162559509 20.121623992919922 0.9946002960205078 4421575067803717632 0.12596186750253244
229.69398330438705 2.1528065469832285 3.991267213816246 46.79813287760957 0.42587222364228017 4.538824013405494 -10.477877245574128 0.4151374101638794 0.5541940927505493 0.5882989168167114 19.602724075317383 0.8591747283935547 4421575067803726848 0.9935014892213266
229.69322342939913 2.155855832328216 3.994044058990321 46.80063513711152 0.51076343115739 4.0047786234699005 -8.31068133974259 0.5500420928001404 0.6786102056503296 0.7567468285560608 19.928327560424805 0.5451736450195312 4421575067803735040 0.35372366448412973
229.69932680583733 2.1601519870297152 4.004517241378327 46.79857250111592 0.01386253732413613 4.804869533782481 -9.276070914796883 0.678856611251831 0.9691649079322815 1.0964304208755493 20.32369613647461 0.8860149383544922 4421575067804277760 0.9729958912455088
229.69949716133664 2.154132958357555 3.997819748023966 46.79466928243484 1.4134778309230505 2.3587365486172343 -8.387796162728424 1.0402418375015259 1.0513604879379272 1.1926908493041992 20.565719604492188 0.55718994140625 4421575067804284928 0.0005276731735401131
229.69666440702338 2.1572623427674515 3.9987923742200624 46.79883615602656 0.8065425764532309 4.064338663206765 -8.72490722116249 0.7364065647125244 1.0716795921325684 1.2491214275360107 20.322940826416016 2.7647228240966797 4421575067804286976 0.7974898240105831
