results/clus_mem_lists/NGC 5904.ecsv
# %ECSV 1.0
# ---
# datatype:
# - {name: ra, unit: deg, datatype: float64}
# - {name: dec, unit: deg, datatype: float64}
# - {name: l, unit: deg, datatype: float64}
# - {name: b, unit: deg, datatype: float64}
# - {name: parallax, unit: mas, datatype: float64}
# - {name: pmra, unit: mas / yr, datatype: float64}
# - {name: pmdec, unit: mas / yr, datatype: float64}
# - {name: e_parallax, unit: mas, datatype: float64}
# - {name: e_pmra, unit: mas / yr, datatype: float64}
# - {name: e_pmdec, unit: mas / yr, datatype: float64}
# - {name: g, unit: mag, datatype: float64}
# - {name: bp_rp, unit: mag, datatype: float64}
# - {name: source_id, datatype: int64}
# - {name: gmm_mem_prob, datatype: float64}
# schema: astropy-2.0
ra dec l b parallax pmra pmdec e_parallax e_pmra e_pmdec g bp_rp source_id gmm_mem_prob
[from data line 4033]
229.46515203962858 2.0765495299261048 3.694455247607309 46.92821672571636 0.1092128492539945 2.996331599174034 -9.267007732931571 0.6945828199386597 0.73200523853302 0.6559252142906189 20.29885482788086 1.137969970703125 4421526719354910720 0.920851964869513
229.45559200527438 2.081493552891391 3.691276185818542 46.938752612507095 -1.510689382506763 5.454147520767281 -9.232616524225422 0.6716962456703186 0.7961077690124512 0.5923279523849487 20.264307022094727 1.0338134765625 4421526719354916864 0.002792539009748392
229.46672093309286 2.082563087474132 3.702743622175463 46.9307826930993 -0.04802742639441896 4.254709973029367 -10.096123705990976 0.17069950699806213 0.17641012370586395 0.15555204451084137 18.380735397338867 0.7070808410644531 4421526719354918400 0.9962210120303577
229.45441989466502 2.084119953570219 3.693185741035784 46.94131584899803 -0.1850360483935897 3.51156208144939 -8.854177893559354 0.5522040724754333 0.6224954724311829 0.5307577848434448 20.147489547729492 0.7110328674316406 4421526719354919936 0.9333430498616873
229.46198203334725 2.0786771175290624 3.6939568091113903 46.93201758140127 -0.23236248807374113 5.442135995999157 -9.548034087361836 0.5793123841285706 0.7923280596733093 0.7015756964683533 20.012720108032227 0.6172504425048828 4421526723650169856 0.6549165198778627
229.45158288894612 2.0814624508394544 3.6875474289413717 46.94184638769328 0.1976387619299842 4.1975541722981236 -9.927765702413502 0.05682336539030075 0.06485119462013245 0.055425286293029785 16.535608291625977 0.9914617538452148 4421526723651536896 0.9963099173467433
229.46284032399473 2.0779192951360956 3.6938849148141046 46.93087408741545 0.3013777304729962 3.9965307217001564 -9.6343163591557 0.09663573652505875 0.11571738123893738 0.1145574226975441 17.416902542114258 0.9407844543457031 4421526723651584512 0.9960059638390326
229.47024531315543 2.0872607431825396 3.711335592300461 46.93100122523328 1.5631611382006523 4.770525978743813 -9.759850830754498 1.0044418573379517 0.9751093983650208 0.7435389161109924 20.516315460205078 1.10589599609375 4421526753714660352 0.17549452575293129
229.46438452813968 2.087940500592113 3.70671243524222 46.93598110695892 -0.05402812580703732 4.4156738392488 -10.400743358419824 0.5335649847984314 0.5779653787612915 0.45404794812202454 20.021684646606445 0.9273872375488281 4421526753714661376 0.9925470065190066
229.4674189038625 2.089315986498784 3.7110723767047094 46.9344897351101 0.043075123413046396 4.1893753171054975 -9.889017360271813 0.14318528771400452 0.16219228506088257 0.14004231989383698 18.069725036621094 0.6741485595703125 4421526753714664448 0.9968353574119683
229.46882773968684 2.0888595443035207 3.711850103849059 46.933108254097554 0.2830942778249316 4.525385774311118 -9.754478969016782 0.3776319622993469 0.42703062295913696 0.3566572964191437 19.65087890625 0.7321910858154297 4421526753714983936 0.9944255636714315
229.48030643165131 2.0907904066489937 3.7246156539436 46.92540651714754 0.3245576369277696 4.329154313180196 -9.457028953749335 0.18449418246746063 0.203921839594841 0.1730266660451889 18.527179718017578 0.6623439788818359 4421526758009684480 0.9937257597583368
229.4723001492858 2.092184182301588 3.718831670821843 46.932502713968745 -0.04291074602553151 4.041637976372197 -9.899287050413468 0.17525988817214966 0.20228295028209686 0.1702076494693756 18.528242111206055 0.6624183654785156 4421526758009688576 0.9966608975014538
229.47343918104633 2.0945001104190957 3.7225166558735143 46.9330748607496 -0.32017122996217473 4.824338419884016 -10.070843016738873 0.8345205187797546 1.0075085163116455 0.7269634008407593 20.578739166259766 0.8674831390380859 4421526758010216960 0.9875843029618482
229.46711000955148 2.0936937860045988 3.715771313899833 46.93748404857539 0.3532327131254488 4.209746016940708 -9.945060641126547 0.12917155027389526 0.15121136605739594 0.13186421990394592 18.062137603759766 0.7238006591796875 4421526758011275776 0.9961116538042305
229.44144729695884 2.0918540087742903 3.6900375920908606 46.95625780070843 0.0582242087027041 4.403317992365615 -10.69358026142184 0.30756571888923645 0.3190276622772217 0.33597511053085327 19.02864646911621 0.8680667877197266 4421526788074403840 0.9763076328503085
229.44578262632083 2.095494389876581 3.698176965037182 46.95518204145602 0.08555485251026414 5.172851060419914 -11.927852018271848 1.0251128673553467 2.0338072776794434 1.478175401687622 20.500892639160156 0.8306827545166016 4421526788074407424 0.0031372143011135674
229.45958557484332 2.0886475744828097 3.703097545449246 46.940153311323854 -0.02503579671437177 4.069683975467758 -9.685820372072794 0.4068819582462311 0.44292718172073364 0.3763905167579651 19.7296199798584 0.5298900604248047 4421526788074722816 0.9962730272657949
229.46017459370762 2.089825545395143 3.7049809490729935 46.94043708196241 0.3011669191832538 4.295046452891501 -10.01697196743781 0.3258257508277893 0.35512033104896545 0.30985429883003235 19.37959098815918 0.6822700500488281 4421526822438681088 0.9958549921294335
229.4636100831798 2.095709621589303 3.7148432828525544 46.94147092988968 0.07388022851624881 4.780280819498437 -9.52135272438796 0.4694354832172394 0.5305535793304443 0.4444628655910492 19.925161361694336 0.8019771575927734 4421526826729167872 0.9837881002684152
229.46246983577726 2.1031417888067527 3.7222552697721127 46.947032364199096 -0.6708476369994505 2.952459842058929 -9.10373644493273 0.735138475894928 0.8304204940795898 0.6741536259651184 20.428102493286133 0.7592296600341797 4421526826729698304 0.4554341781531787
229.45282170294854 2.0980318994260103 3.7075509161676177 46.95131177013978 0.19004388510669942 5.141828617448887 -10.704537830061742 1.0711199045181274 1.275326132774353 1.3523526191711426 20.60912322998047 0.7075691223144531 4421526826729704448 0.9024973598928716
229.45354012404854 2.0988590513891774 3.709154482946568 46.951274219113664 0.42693457909864246 4.109238386691288 -9.83900165186668 0.40779945254325867 0.4570067524909973 0.3845873177051544 19.70476722717285 0.8219223022460938 4421526826730754048 0.9950566369494123
229.41398121543537 2.084098888548962 3.6558883018425696 46.97270140109337 0.9010410055910235 4.437045651400378 -8.869921856424384 0.6296391487121582 0.7263408899307251 0.5981761813163757 20.317893981933594 0.6628971099853516 4421526856793134592 0.48486163275386795
229.4203855329077 2.081979979404107 3.65938202100108 46.96639528596925 0.06376376778024792 4.257254027316469 -9.322463904001825 0.6974858045578003 0.7291716933250427 0.6046750545501709 20.350433349609375 0.6727485656738281 4421526856793870848 0.9887209782775079
229.41672741020167 2.0816851076297493 3.6556730107539592 46.96904950025888 0.42252272595324725 4.252042475471459 -9.69340744205158 0.3732788562774658 0.3907926380634308 0.3235768675804138 19.585147857666016 0.6598644256591797 4421526856793873920 0.9920459090844308
229.41573658105378 2.0839155080254934 3.6572983857535086 46.97122320189754 0.08246940541113863 4.222033072892593 -9.719282630899109 0.06182068958878517 0.06619280576705933 0.06111455336213112 16.59741973876953 0.9623146057128906 4421526861090493440 0.9943839635944205
229.4288235819901 2.0824479805645346 3.6676945615770995 46.96013889940855 0.1048875646051215 3.9381826443649905 -10.30620242751656 0.40353479981422424 0.45404794812202454 0.36845478415489197 19.741785049438477 0.7681751251220703 4421526891153609728 0.9900524386281506
229.43239725563203 2.0891762533501947 3.678648317196194 46.96159992898002 0.07327647747213696 4.461123491213531 -9.502219247315686 0.39633333683013916 0.43597474694252014 0.3634220063686371 19.604442596435547 0.7736682891845703 4421526891153615872 0.9910207941872994
229.42555928014377 2.089955156333664 3.673231662828002 46.967399718700825 -0.09424231037116408 3.7880471052932685 -9.578229097214678 0.2741444706916809 0.30862748622894287 0.25287455320358276 19.22419548034668 0.851104736328125 4421526891153616384 0.9919648198775245
229.42851820837328 2.0955823144672583 3.68236654525835 46.968644484472236 0.12002436852832789 4.1484613570639715 -10.146991848001703 0.17553648352622986 0.20394311845302582 0.17133066058158875 18.573957443237305 0.6975917816162109 4421526891153623552 0.9939198945008187
229.41492119796615 2.094608595601866 3.668721535399856 46.97858907627566 -0.36149761718082457 4.190073589262217 -10.615854398849859 0.320156455039978 0.3540905714035034 0.2997283339500427 19.3726749420166 0.6595687866210938 4421526959873098752 0.9519565680566675
229.41826228837135 2.097455090703767 3.6750438904039733 46.977786967128154 0.20807415423873912 4.728310077188871 -9.853498954863396 0.5213563442230225 0.6054290533065796 0.45201224088668823 20.004241943359375 0.9449272155761719 4421526959873101824 0.9866118268468183
229.43164502383385 2.095464841169006 3.685114966537629 46.96614249161112 0.09718867556950046 4.10437157944431 -9.785717716608598 0.1178654208779335 0.1367715448141098 0.11656685173511505 17.936830520629883 0.7152690887451172 4421526994232839168 0.9953173053677175
229.439795119741 2.0985772415841253 3.696170164903979 46.96177219588329 0.1099873103038443 4.16847632319366 -9.622397913728511 0.4262503385543823 0.45998069643974304 0.3832361102104187 19.700754165649414 0.8302326202392578 4421526994232841216 0.9950391493829959
229.43708425279584 2.102194774479076 3.6977915146950298 46.9661541044351 -0.025436043834130295 4.5297506903625315 -10.397864427368662 0.9776882529258728 0.916862964630127 0.9217082858085632 20.37019157409668 1.0141468048095703 4421526994232845824 0.9888451931297125
229.43986816174782 2.106233286941736 3.704956118379369 46.96653329280675 0.7538415649413285 1.6771013285344203 -8.426898058230826 1.1328039169311523 1.4896657466888428 1.3677237033843994 20.6569881439209 0.6269073486328125 4421526994232848896 1.0920332321604387e-05
229.43909974338612 2.1015538462860457 3.6989189376566007 46.964185463287016 0.3022943664526298 4.315381872770471 -11.023169352281942 0.8122289180755615 1.0921088457107544 1.126739263534546 20.40003776550293 0.6130695343017578 4421526994233301504 0.870074974492488
229.45167403705048 2.1034678939053637 3.7126835442735437 46.95562349267573 -0.3201799089189355 3.4300165550013615 -9.695263102982565 0.35964179039001465 0.4687853157520294 0.3921106457710266 19.559768676757812 0.7549037933349609 4421527028592585216 0.9755633443032335
229.45674234374863 2.1070813699950244 3.7214667828515613 46.95395988140287 -0.0734146163042913 4.15392674700829 -10.081198308921216 0.35357654094696045 0.42481449246406555 0.40209370851516724 19.36797332763672 0.7766551971435547 4421527028592588288 0.9952846803549475
229.4582740055565 2.109252747092566 3.7253502398249982 46.95413598685641 0.3625518769669744 4.572711250265192 -10.348052761214262 0.313957154750824 0.4026634395122528 0.3444502353668213 19.36044692993164 0.6287288665771484 4421527028592898048 0.9896087402929534
229.456130766474 2.106024330333095 3.719699759059779 46.953769980395435 0.06057895429838519 2.5095641011710024 -9.69872506392153 0.8455606698989868 1.0877771377563477 1.2702163457870483 20.346786499023438 0.8081130981445312 4421527028597111808 0.24958678548053834
229.4447141812896 2.10309861879206 3.705851305936513 46.960796992693034 -0.39698856617577855 3.8312498410331584 -10.171421585585732 0.2576206922531128 0.31053462624549866 0.3068564832210541 18.890661239624023 0.6989479064941406 4421527032889230336 0.9821752993492018
229.4239176456198 2.1061443839085006 3.690154078589221 46.97886498882722 -0.13233911549806363 4.488312201942841 -9.061692725459062 0.3273158669471741 0.3852796256542206 0.3099152743816376 19.529565811157227 0.7723464965820312 4421527062952325632 0.9494394260649649
229.42447749044402 2.1094986582763373 3.694490805009899 46.98054125737722 0.1684289708780799 4.373875859986132 -10.220132977246163 0.21492472290992737 0.25333666801452637 0.2085035741329193 18.910940170288086 0.7229461669921875 4421527062952329216 0.9919894664468689
229.44160040130987 2.11231217742992 3.713475883125964 46.96901265941101 0.19859182143009696 3.8902377445706593 -9.906897117223261 0.23770606517791748 0.28993359208106995 0.28659871220588684 18.761852264404297 0.7268142700195312 4421527097312070144 0.9943265750632467
229.43859547328185 2.114298651086226 3.712969927712398 46.97259653919927 0.11250107265343418 3.942462717797076 -9.804969372148122 0.13551399111747742 0.16288785636425018 0.16172537207603455 17.942794799804688 0.742034912109375 4421527097312073728 0.9946831968212777
229.44056876669686 2.121267148090207 3.722726628661272 46.97544768423079 0.7469299172401698 3.764120008413691 -10.527555686006469 0.2963525354862213 0.34722113609313965 0.2878050208091736 19.381195068359375 0.6366367340087891 4421527097312077824 0.9268465783327211
229.43384135515262 2.1218547428523085 3.71719735523156 46.98104318459532 0.050007143695493764 4.725896237497589 -10.163628915252072 0.5249800086021423 0.6405590176582336 0.6532096862792969 19.814851760864258 0.7218742370605469 4421527097312078848 0.9880909271796645
229.44165702301103 2.1233603342114766 3.7261140524159875 46.9759190046337 -0.18430392129620388 4.705318119177219 -9.197349307113056 0.4593477249145508 0.5523948073387146 0.42826205492019653 19.88350486755371 0.7777004241943359 4421527097312080384 0.9485252122869929
229.48726319540484 2.095074694525592 3.735895189310065 46.92269682875519 -0.518879977916287 2.2422031284981276 -8.467011751888034 0.5059778094291687 0.6332262754440308 0.6178634762763977 19.913272857666016 0.9187488555908203 4421527131671790592 0.0018890781887077974
229.4884295058061 2.0986023926954442 3.7409842162084535 46.92400935891155 -0.11316452876663725 3.8107248327904877 -8.981169788515496 0.7013952732086182 0.787850022315979 0.6538020372390747 20.410600662231445 0.49318504333496094 4421527131671794176 0.980084138914459
229.48239237229953 2.095868197669991 3.732315638120384 46.92698009668281 -0.2889249485124811 4.190613027728947 -10.42238337187324 0.48981600999832153 0.5504553914070129 0.44186675548553467 20.066564559936523 0.80181884765625 4421527131671794688 0.9898946773760591
229.48625580456522 2.100398236484055 3.7410282856484476 46.926827653547626 0.516031430821388 3.9947048862375043 -9.127966306281499 0.414554625749588 0.4370798170566559 0.354717880487442 19.7393741607666 0.7357501983642578 4421527131671795712 0.9826846850272112
229.4796184410661 2.0975592414030713 3.7316874763320813 46.93019879235138 -0.2339179150766078 4.1295269698165935 -9.816707292536176 0.17715565860271454 0.1983112245798111 0.165551096200943 18.54477310180664 0.6314296722412109 4421527135966811136 0.9961384240680903
229.47516714660915 2.0956156459439153 3.7253773516592075 46.93243427459492 0.1923130909794192 4.075583131045713 -9.902078095213195 0.14366236329078674 0.1633058339357376 0.1361643522977829 18.127256393432617 0.6830711364746094 4421527135968397312 0.9968892430751426
229.48673924970743 2.10564602938806 3.747447869136847 46.929752225315404 0.273361107624337 4.393575083322224 -9.906859526745903 0.4273129403591156 0.47417446970939636 0.3889707028865814 19.855375289916992 0.6910438537597656 4421527166031539712 0.9963733688371956
229.49835061553648 2.1058817882680056 3.758399621515804 46.92087786456433 0.009975191337023065 3.9708634247959873 -9.909226220159395 0.2253430038690567 0.2530500590801239 0.2116941660642624 18.9419002532959 0.7441749572753906 4421527166031542272 0.9970758284450078
229.50061055646538 2.106508971601725 3.761192583699894 46.9195159880635 0.13336012972282316 4.111870198600557 -9.612354942012745 0.1463051587343216 0.1640906035900116 0.14447367191314697 18.254060745239258 0.7121181488037109 4421527166031851008 0.9970340915016945
