results/clus_mem_lists/NGC 5904.ecsv
# %ECSV 1.0
# ---
# datatype:
# - {name: ra, unit: deg, datatype: float64}
# - {name: dec, unit: deg, datatype: float64}
# - {name: l, unit: deg, datatype: float64}
# - {name: b, unit: deg, datatype: float64}
# - {name: parallax, unit: mas, datatype: float64}
# - {name: pmra, unit: mas / yr, datatype: float64}
# - {name: pmdec, unit: mas / yr, datatype: float64}
# - {name: e_parallax, unit: mas, datatype: float64}
# - {name: e_pmra, unit: mas / yr, datatype: float64}
# - {name: e_pmdec, unit: mas / yr, datatype: float64}
# - {name: g, unit: mag, datatype: float64}
# - {name: bp_rp, unit: mag, datatype: float64}
# - {name: source_id, datatype: int64}
# - {name: gmm_mem_prob, datatype: float64}
# schema: astropy-2.0
ra dec l b parallax pmra pmdec e_parallax e_pmra e_pmdec g bp_rp source_id gmm_mem_prob
[from data line 5660]
229.75885190327836 2.0825732251514153 3.970672399339601 46.70360357809098 -0.29976577520521225 4.880954209476409 -9.071334337062016 0.7656750082969666 0.8152220845222473 0.9668359756469727 20.069801330566406 1.1493816375732422 4421570910275212800 0.8267639779848522
229.75656453285234 2.0943247817566184 3.981937826687082 46.71274965005804 1.288615983942218 5.804722667807933 -10.242910187888823 1.2359970808029175 2.235065221786499 1.742812991142273 20.70686149597168 1.0673503875732422 4421570910275909632 0.0035681506361563043
229.75694644768657 2.087557496411271 3.974595753960192 46.708211244126325 0.8530307196499272 4.067023516445126 -9.78400698586814 0.9898164868354797 0.9964132905006409 1.0215610265731812 20.44835662841797 0.7855644226074219 4421570910275914240 0.9910285072832001
229.75789964230972 2.0845705449058856 3.9720721519909525 46.70559693995164 1.5611525891446547 3.373694367546901 -9.663227489769607 1.077122449874878 1.0413304567337036 1.1332063674926758 20.551057815551758 1.4131603240966797 4421570910275915776 0.5328253531277438
229.7529521513543 2.0910733045365153 3.97494286594708 46.713525136918896 -0.10594448514821801 4.742904745864356 -10.014372399328327 1.1956921815872192 1.4109240770339966 1.204883098602295 20.67573356628418 0.8358612060546875 4421570910275917312 0.9932609116057305
229.7578091632707 2.081523792391247 3.9685275882622193 46.70375778389791 1.4084099228837483 5.787448366546453 -12.300264377419138 0.8092488050460815 0.9291552901268005 1.0174986124038696 20.294509887695312 0.9822025299072266 4421570910275918336 1.3440511385043307e-07
229.7510199441873 2.0904145863900307 3.9724292022124965 46.714616935996816 0.9484516614677879 3.379568870533938 -9.752450700605129 0.8192197680473328 1.263445258140564 1.1498804092407227 20.44607925415039 1.0399188995361328 4421570910275919872 0.9729006605572397
229.75506046530768 2.0824342641904225 3.967051398092174 46.70646879320345 0.8867178922201964 3.3379487132879655 -9.00532293975568 0.8243733048439026 0.9532634615898132 1.0546056032180786 20.51470184326172 0.9243240356445312 4421570910275921408 0.8972714150880446
229.7518415247882 2.0858101542038257 3.9679470570702224 46.71109127262141 0.9809293085648644 4.247575162442619 -8.430053194422062 2.419605255126953 1.6189653873443604 1.7290735244750977 20.63164710998535 0.9719715118408203 4421570910275922944 0.08548878877357387
229.74990937043583 2.0864125877461968 3.9668665677022164 46.71297338175083 1.108409023850455 2.4287882854564913 -8.72104946758432 0.7578168511390686 0.8560497164726257 0.9143077731132507 20.280508041381836 0.8377914428710938 4421570910275926528 0.024730852822038185
229.75424516665362 2.084348780757077 3.968482116610365 46.70830364783386 -0.15995547014241732 2.526130303612365 -10.681033604909626 0.2673601806163788 0.3045923411846161 0.33745452761650085 19.04786491394043 0.8386783599853516 4421570910277749760 0.019336441729112263
229.7535452377632 2.088554531017533 3.972622099505711 46.71148469345262 -0.30726801125451586 3.492943871782536 -9.307103859263563 0.48246365785598755 0.5231823325157166 0.523719072341919 19.74773597717285 0.9112396240234375 4421570910277754880 0.9861660723853352
229.75380704328742 2.0930705715716345 3.9779937119280424 46.71411110095632 -0.07378891466564062 3.873418946087856 -9.875461633131946 0.21075288951396942 0.19671036303043365 0.20485903322696686 18.42706871032715 0.6912059783935547 4421570910277760000 0.9972651623614909
229.77125482346415 2.098018122919581 3.99954982088308 46.70362234742469 0.3715193020514797 3.4587207312599544 -11.833623593527596 0.5483810901641846 0.597019612789154 0.6225183606147766 19.831098556518555 0.8856239318847656 4421570940337890304 0.0014693642391328961
229.75987489978544 2.0989939580841446 3.9902682099161018 46.71309727442452 -0.2692594383421353 4.749630691937064 -9.269774477894067 0.3830639123916626 0.434871643781662 0.4589090943336487 19.5677433013916 0.8647270202636719 4421570940337891840 0.9602459077648551
229.75909723388367 2.097526381806237 3.9878898856413527 46.71278338461592 0.628013024906864 3.7878214410030298 -9.420747031232219 0.30202436447143555 0.32805660367012024 0.3422674834728241 19.223630905151367 0.7194557189941406 4421570940337892352 0.9923826231402684
229.77218294718702 2.103849875831557 4.007025771445728 46.706552696430926 -0.12384081972040598 3.3932056656586385 -8.537777245090806 0.5617191791534424 0.6593590974807739 0.7367667555809021 20.05744171142578 0.8233623504638672 4421570940337897472 0.7452652807300192
229.76539643518632 2.1045083318909983 4.0015784591756764 46.71225150161675 0.09584827567647972 4.111144009099332 -9.884193911368774 0.17481279373168945 0.21390888094902039 0.20355507731437683 18.325225830078125 0.6931190490722656 4421570940337897984 0.9976843233229837
229.76948683098496 2.1069008909061853 4.008032797277122 46.71056406739177 -0.026620961353827632 3.3283693630529587 -9.793349740669964 0.4611246883869171 0.598050594329834 0.5347962975502014 19.810386657714844 0.7660541534423828 4421570940337904640 0.9895745458909742
229.76974140598907 2.100351835661296 4.000820673726318 46.70626319425584 0.30508285339675223 3.717183586348452 -9.75520960385677 0.37925565242767334 0.4159390330314636 0.43637824058532715 19.525453567504883 0.7906341552734375 4421570940338682880 0.996620071270974
229.77288014116888 2.0961787940117906 3.998943125510815 46.701204054285064 0.21498405531706097 4.665333808544151 -10.466301199806757 0.3815222382545471 0.3912760019302368 0.40850701928138733 19.343530654907227 0.6975765228271484 4421570944632501248 0.9904746248271689
229.7602350209601 2.0997696680929914 3.991478814535504 46.71330283011751 -0.18120649057996002 4.979288073197456 -10.257218231109311 0.4486779272556305 0.49678587913513184 0.5155885219573975 19.769804000854492 0.8060150146484375 4421570944632589312 0.9813478658422423
229.7633353475789 2.1035246962264176 3.9985783569994755 46.71324068527979 -0.5557571528415175 3.715685881357026 -9.380797155839433 0.4594249725341797 0.5906181335449219 0.5438735485076904 19.763545989990234 0.769683837890625 4421570944632611840 0.982892107514313
229.7727023756042 2.1025809117067875 4.006057505105095 46.70535317950334 0.17089346797397942 1.9525174136511634 -8.347764407050638 1.1462148427963257 1.3977749347686768 1.4021291732788086 20.73998260498047 1.1262016296386719 4421570944635623936 0.0006405921150126708
229.7670657754277 2.103431698513051 4.001878732782762 46.7102767384714 0.23431718867520104 3.319063244358883 -7.936890743805714 0.6917042136192322 0.8025985360145569 0.8781489729881287 20.150297164916992 0.9474277496337891 4421570944635628544 0.026936669211148158
229.77016679265154 2.095898490517463 3.9961474242943313 46.70314185526869 -0.46912248256660116 3.9368767770160105 -10.59533595616643 0.7527934908866882 0.9029781818389893 0.9492439031600952 20.36953353881836 0.8999919891357422 4421570944635631104 0.9662936034983229
229.77188800457373 2.097716089848142 3.9997845887235455 46.70293993655638 -1.2511560005755646 5.282988228647063 -10.2320277615087 1.1780511140823364 1.7121899127960205 1.5259824991226196 20.69281768798828 0.3415813446044922 4421570944636395520 0.1606056729141581
229.7729381118641 2.094287406381313 3.996846501001183 46.699973939771134 0.2545215167029049 5.121263892947725 -10.761631810672883 0.5050567984580994 0.49079403281211853 0.5169140696525574 19.75653839111328 0.8306350708007812 4421570944637487104 0.9090140487915612
229.77509680949666 2.097696836959682 4.0026919639292595 46.700428464809455 0.16437056185384458 4.216985694440275 -10.100298388710629 0.42531299591064453 0.45928463339805603 0.488290011882782 19.622617721557617 0.7701320648193359 4421570944637488640 0.9971462645377178
229.77024420112343 2.091398008420296 3.9911034467436006 46.70026181177102 -0.12270500585168057 4.872076113538715 -9.560077171546899 0.623586118221283 0.724794864654541 0.8027339577674866 20.156538009643555 0.8369235992431641 4421570944638186496 0.9757675844603376
229.76645516037513 2.104653126571197 4.002709708191703 46.71151753733545 0.2881403103040843 3.661935187753617 -10.665406187966507 0.5075907111167908 0.636445939540863 0.6045305728912354 19.833131790161133 0.8239097595214844 4421570944638565888 0.9735542308392056
229.78575304100588 2.098482546199541 4.01331089109664 46.692619718797246 1.1669954854995113 6.354285131018155 -8.359862048964821 1.1415650844573975 1.9220385551452637 2.1655337810516357 20.77120590209961 0.9750823974609375 4421570974697627648 7.484640267055105e-11
229.79835222264637 2.098787214087745 4.025152625630883 46.68299504372204 0.5410850875617067 3.3858624152197327 -9.634960490729194 0.258696049451828 0.2949610650539398 0.30928343534469604 19.007549285888672 0.7523326873779297 4421570974697629696 0.9878474107180208
229.78698688110367 2.1015138071817465 4.017881938917354 46.693557105089496 0.17976078630777034 3.722895997931244 -10.058949891161625 0.142516627907753 0.15700112283229828 0.15683022141456604 18.02530288696289 0.6948776245117188 4421570974697632256 0.9957286140529252
229.79143606761167 2.1028604727809355 4.023472179676808 46.69093428202476 0.6142435453568528 4.609601980008373 -10.951198411019995 0.48395398259162903 0.5492812991142273 0.5690159201622009 19.851961135864258 0.7255420684814453 4421570974697633280 0.9123302731307316
229.78191117143754 2.0999615535433507 4.011485707906679 46.696538958786455 -0.3754519505148522 5.95484951793634 -12.288742673421954 0.8061667084693909 0.9507219195365906 1.004151701927185 20.446762084960938 0.6838722229003906 4421570974700220416 2.4832944453343816e-06
229.78211130217457 2.0969820363539187 4.008282080582402 46.694516721160205 -0.1894619961650983 3.6769536654498785 -9.121499132022068 0.39344608783721924 0.46554312109947205 0.4793672263622284 19.609882354736328 0.6864051818847656 4421570978992212992 0.9839684218902598
229.79377159269788 2.0937375398677265 4.015235356268807 46.68340106890958 -0.6114606485691972 3.850370100917341 -10.501232007891614 0.6059255003929138 0.7411335706710815 0.8311681151390076 20.124723434448242 0.6497364044189453 4421570978995352576 0.9430650138970746
229.7885538971094 2.0954364952693045 4.012405099536357 46.68852989199655 0.8454180082848269 3.597181635771122 -9.398589458651646 0.8357433080673218 0.9553123116493225 0.961155891418457 20.45502281188965 1.0210533142089844 4421570978995354624 0.9773326684185775
229.7940157089848 2.0951841986105624 4.017101975460537 46.68411698425524 0.8663334320759898 3.740870843357379 -10.232958559244288 0.3168785870075226 0.3545615077018738 0.36751335859298706 19.306867599487305 0.8177852630615234 4421570978997216256 0.9814237962700293
229.7816649834039 2.0968395078196336 4.007712757690237 46.694775110530564 0.07531697879756788 3.1443145872066944 -10.034486410821003 0.5750784873962402 0.5823233723640442 0.6743602752685547 19.760454177856445 0.7886447906494141 4421570978997223424 0.969807164042768
229.78219226214128 2.1008114828091387 4.012708247390371 46.69685235614376 0.5202726331219888 3.5324995082332338 -9.841347872448075 0.8315274715423584 0.8887738585472107 0.9322234988212585 20.359317779541016 1.1374530792236328 4421570978997923328 0.9931395124849614
229.80205946158375 2.100055387870288 4.029975505832822 46.680900819086396 0.44981691595646356 4.491979482466473 -11.416814145698318 0.9236752986907959 1.1630184650421143 1.413825273513794 20.616844177246094 1.4140281677246094 4421571009057368576 0.4596205523926135
229.79963049305252 2.1011216457028077 4.028971645501629 46.68346100838359 -0.39389153859817677 3.16452063341083 -9.3739211940103 0.6340960264205933 0.8177810907363892 0.795022189617157 20.306930541992188 0.8556404113769531 4421571009057370112 0.9370824051922458
229.80186119947396 2.1044941368485572 4.034839267846188 46.68383473641411 0.10317671757754437 3.915320693350499 -9.872279485781425 0.17886309325695038 0.2022988200187683 0.20533131062984467 18.482746124267578 0.7076225280761719 4421571009057374208 0.9967306530469258
229.79802313177237 2.107725239059455 4.035010862976825 46.688848421062005 0.0933704494875259 3.957220240711366 -9.809227717184505 0.15890364348888397 0.17200785875320435 0.16955973207950592 18.277801513671875 0.6932334899902344 4421571009057378816 0.9969104848638652
229.79536646474804 2.1108355583700544 4.036122948222243 46.692865946945645 -0.15799832171653386 4.135722978992179 -9.57117526992984 0.36846432089805603 0.4320087134838104 0.4531785249710083 19.44428825378418 0.8048515319824219 4421571009057383936 0.9952815389435833
229.79999012115937 2.1075868155620703 4.03664774082145 46.68722910512887 -0.600962069630668 4.610018607198529 -10.841907587863687 0.6201264262199402 0.6917005181312561 0.6848618388175964 20.163965225219727 0.9617137908935547 4421571009058164736 0.8696297640971831
229.78194637374256 2.1043175462530703 4.016468927359555 46.69923990693494 0.0824841589005359 4.426684866266027 -10.113699386274439 0.1550769954919815 0.1742546111345291 0.17258736491203308 18.166156768798828 0.6695175170898438 4421571043417112064 0.996306524422974
229.77546492315872 2.1052152693361417 4.011573739509288 46.704851363176935 1.4376091460644915 3.5363506658669603 -9.574968940135479 0.7498213052749634 0.7038294076919556 0.769486665725708 20.16635513305664 1.0674571990966797 4421571043417114112 0.752578649451477
229.78629343171673 2.1071035720325857 4.023602734204353 46.69759813199616 0.14953888267037935 3.42968077528501 -9.712612951255213 0.3005182445049286 0.34832796454429626 0.34534841775894165 19.14097023010254 0.7660579681396484 4421571043417115648 0.9929054179110294
229.78349468822213 2.108696103297036 4.022859122804593 46.70077593534181 0.28940018619611124 4.458287733846911 -9.953308098488344 0.2884097397327423 0.31310656666755676 0.332739919424057 19.08617401123047 0.6688365936279297 4421571043417119744 0.9958918783940448
229.77824110899536 2.1096157845875942 4.01911010837806 46.70544482280754 -0.15710220396637464 4.306669808397248 -9.931028974349493 0.24676820635795593 0.29132890701293945 0.2822232246398926 18.9761905670166 0.8208580017089844 4421571043417120256 0.9965468475721798
229.77406665884615 2.1089225068886965 4.014511778575044 46.70826267204788 0.741286849017013 4.329420157234331 -10.648102556071624 0.627738893032074 0.6767573356628418 0.6391408443450928 19.9310245513916 1.1631717681884766 4421571047717194752 0.9759336520044541
229.78965949949293 2.112045061072358 4.0322914041614535 46.69806997855016 0.1869985345444386 3.8936509038986085 -10.17737247317754 0.297395259141922 0.34158989787101746 0.350896418094635 19.259769439697266 0.8441352844238281 4421571077776863232 0.9960603499666761
229.79531869775906 2.113769254215718 4.039414394501299 46.69474001263908 0.5429446284243002 3.935116166454662 -10.049283452717658 0.3918372094631195 0.44602155685424805 0.46441733837127686 19.636716842651367 0.8551368713378906 4421571077776866304 0.9952570734416256
229.78726573268372 2.115142520064489 4.033628769422418 46.701874625704924 -0.1542306757096244 3.6908316502735232 -10.088788010158936 0.24574831128120422 0.31844544410705566 0.2912635803222656 18.98463249206543 0.6899433135986328 4421571077776868352 0.993441880441836
229.78790366505413 2.118961154043961 4.038552501665151 46.70376853075474 -0.01493956882163339 4.158853264315641 -9.933080395745725 0.2582003176212311 0.3008198142051697 0.3029317855834961 18.98778533935547 0.6209392547607422 4421571077776874496 0.9971098659807301
229.7950043900885 2.116423214641656 4.042144894813932 46.696646545757396 -0.11583573929122841 3.884867948362665 -9.84605694547755 0.11890285462141037 0.13581043481826782 0.13390657305717468 17.877628326416016 0.7535495758056641 4421571077776877056 0.9962333413204492
229.794601310886 2.1219760667005 4.04809070899585 46.70043699240397 0.010307880518247813 4.261610810077594 -9.758595087971166 0.19846756756305695 0.22839601337909698 0.22467206418514252 18.677642822265625 0.6816005706787109 4421571077776882176 0.996574592917278
