results/clus_mem_lists/Pal 5.ecsv
# %ECSV 1.0
# ---
# datatype:
# - {name: ra, unit: deg, datatype: float64}
# - {name: dec, unit: deg, datatype: float64}
# - {name: l, unit: deg, datatype: float64}
# - {name: b, unit: deg, datatype: float64}
# - {name: parallax, unit: mas, datatype: float64}
# - {name: pmra, unit: mas / yr, datatype: float64}
# - {name: pmdec, unit: mas / yr, datatype: float64}
# - {name: e_parallax, unit: mas, datatype: float64}
# - {name: e_pmra, unit: mas / yr, datatype: float64}
# - {name: e_pmdec, unit: mas / yr, datatype: float64}
# - {name: g, unit: mag, datatype: float64}
# - {name: bp_rp, unit: mag, datatype: float64}
# - {name: source_id, datatype: int64}
# - {name: gmm_mem_prob, datatype: float64}
# schema: astropy-2.0
ra dec l b parallax pmra pmdec e_parallax e_pmra e_pmdec g bp_rp source_id gmm_mem_prob
[from data line 178]
228.97585834940853 -0.16869420145474953 0.7464290553144693 45.85715947362481 -0.0819140654769778 -2.733594562277425 -2.5880919259936936 0.16925685107707977 0.21321721374988556 0.1727791428565979 18.492780685424805 0.9855537414550781 4418913489457822720 0.9883608392369956
228.9674207458365 -0.17527737853570174 0.7313397867945264 45.85918369547311 -0.3827310629552705 -3.397443694463216 -3.587208091655281 0.7673159837722778 1.2569760084152222 1.2291253805160522 20.44566535949707 1.078775405883789 4418913493748062208 0.9919643519848136
228.962370821915 -0.15756919642054842 0.7457224922041915 45.87463618920788 -1.1172588131112748 -3.9759539143044336 -0.8493436470289973 1.3170994520187378 2.0143144130706787 1.693792700767517 20.820409774780273 0.4113502502441406 4418913558172222464 0.9997591203116916
228.9963391842183 -0.1821278595587461 0.7512412123547733 45.83289660314392 0.7782147064279343 -3.7322909178306576 -4.33020990498407 0.7739395499229431 1.153290867805481 0.937284529209137 20.448238372802734 0.9729881286621094 4418913592531934208 0.8718022411970157
229.00372636488197 -0.17780912944701496 0.7628829214728297 45.830172030234614 1.1684510639502104 -4.475126307886471 -3.2577063553276253 0.793935239315033 0.9856036901473999 0.7745341658592224 20.287681579589844 0.8040313720703125 4418913592531938304 0.9980268798321212
228.99885268745143 -0.175865176103728 0.7603848822910284 45.83512198302966 -0.39086298392314095 -2.246595412659489 -2.6951085202792036 0.4718564748764038 0.6614469885826111 0.5632073283195496 19.925331115722656 0.4242362976074219 4418913592531939328 0.9981079344025632
228.99259189128026 -0.17438217640159176 0.7560784899199988 45.840813658593305 0.7840447972924439 -3.1612222261547576 -2.031264640743649 0.4334077835083008 0.6137780547142029 0.5269744992256165 19.873811721801758 0.9302749633789062 4418913592531940864 0.9890337896561644
229.015452005804 -0.17107612320299057 0.781227391305037 45.82576462068484 0.59457483178991 -4.120779240106692 -4.195321177288178 1.0293729305267334 1.1992337703704834 1.007289171218872 20.63793182373047 0.6828594207763672 4418913626891682816 0.8349674534957762
229.01769315641573 -0.16819466236942843 0.786457598686773 45.82597013996558 -0.09871112608709473 -2.569350041493786 -2.2445740311185665 0.3738749325275421 0.41897299885749817 0.33766263723373413 19.43558692932129 0.2900543212890625 4418913626891687424 0.9905829410497272
229.0145189315477 -0.16516027618477888 0.7867444953689579 45.83035684174038 -0.49315758815410915 -2.639146183676064 -2.301995876667769 0.6160100698471069 0.9004369378089905 0.7262306809425354 20.20513153076172 1.1515750885009766 4418913626891690496 0.9991671569209071
229.00682335122383 -0.16417793816176832 0.7805457987778605 45.836801488649996 0.3025746738459598 -1.5809087293725455 -2.902693558177328 0.5661813616752625 0.7215402126312256 0.6445041298866272 19.974044799804688 1.0103321075439453 4418913626891691520 0.9672997664493964
229.01026163962828 -0.16249955285165546 0.7856053891220988 45.83531404980455 0.24907410403945604 -3.1277578201408143 -2.866543303011835 0.43622687458992004 0.5581985712051392 0.46883589029312134 19.776628494262695 1.0272274017333984 4418913626891693056 0.985426314628222
228.98872905258972 -0.17475634619047792 0.7520270322883619 45.84347738888181 -0.9992325115666373 -5.148841143328504 -1.7351538937254953 0.7635423541069031 1.2543435096740723 1.210553526878357 20.40384864807129 0.7088851928710938 4418913661251417088 0.9993286141106085
228.9900257712837 -0.1663896423764581 0.7622992531289349 45.84800301197201 1.2421739674595373 -2.675008024029516 -2.796873366099369 0.8606158494949341 1.7660623788833618 1.548105239868164 20.507539749145508 0.2393169403076172 4418913661251427328 0.9997180367750161
228.9858530900329 -0.1622225940324966 0.7628667773158466 45.85388681673564 0.17099621773814314 -2.8401020385672187 -2.074280711706596 0.7866351008415222 0.971743106842041 0.9189519286155701 20.32988929748535 0.5319633483886719 4418913661251431424 0.9748032538403939
228.99271375992592 -0.1629423297322709 0.7685653250253519 45.848244831684205 0.006273052027768969 -2.7537367612618677 -2.67772059987129 0.09514736384153366 0.11952124536037445 0.08746857196092606 17.338605880737305 1.115224838256836 4418913665547290112 0.9896271406988169
228.9990184968852 -0.16574420749555058 0.7714860799364816 45.841652390388404 -0.6307001281367238 -0.970164743142864 -2.8426804359933784 0.5732701420783997 0.803110659122467 0.6807159185409546 20.236360549926758 0.7527656555175781 4418913695611166720 0.9992654116045558
229.0054116214863 -0.16099238171658276 0.7826590322901557 45.83995952484034 -0.005228449885073995 -3.029587018315513 -2.7657632603823896 0.0886320099234581 0.10482349991798401 0.08283397555351257 17.26264762878418 0.7660617828369141 4418913695611173888 0.9909575141589235
228.99899143836456 -0.15900283274697952 0.77875203575695 45.846105172940575 -0.3858132303209288 -3.3825465137250568 -2.374648626600159 0.4637851119041443 0.8325271010398865 0.6686546206474304 19.760295867919922 0.9782772064208984 4418913695611174400 0.997826002287859
229.0021932588126 -0.15208458277800824 0.7892577855230855 45.848240605433354 0.21992009882425315 -1.9451919492161531 -2.920929133241229 0.2761231064796448 0.34046244621276855 0.2784310579299927 19.159149169921875 1.0217628479003906 4418913695611186176 0.9825946159269913
229.00091253579652 -0.16053292418297274 0.7789101167207779 45.84365167745575 -0.5653434205554624 -3.2559453137232577 -2.140801898121113 0.5084049105644226 0.7244694828987122 0.5548553466796875 19.92800521850586 1.0091705322265625 4418913695611508736 0.999320216014553
229.0206742198905 -0.16462130833406288 0.7931340592175402 45.82607262041708 0.42915904412557754 -2.3952510292359923 -2.121343818679939 0.34337639808654785 0.46125438809394836 0.34748852252960205 19.419748306274414 1.5153083801269531 4418913729970906112 0.9777243838276612
229.0364892284875 -0.1497462448351759 0.8241378885584671 45.82392778190723 0.5279240015787066 -2.9778839999112927 -3.1475242468875315 0.464905709028244 0.5890859961509705 0.46179720759391785 19.846229553222656 0.4820880889892578 4418913764330661888 0.9878971566117871
229.03648264271473 -0.1472441503270264 0.8268385159140353 45.825576659541156 -0.6705182874488061 -4.558190216659406 -1.509587580145752 1.0382384061813354 1.578116536140442 1.4273035526275635 20.57341766357422 0.6381874084472656 4418913764330664960 0.9950324739793154
229.0293937206583 -0.1467023668452806 0.8207404431319474 45.831276691554415 -0.018423031937619017 -2.213499948061754 -1.208280679921957 0.8537285327911377 1.2715929746627808 1.0444608926773071 20.606060028076172 0.8257656097412109 4418913764330665472 0.9114978949590653
229.03179973124352 -0.145774747562626 0.8240128304067453 45.83007240839356 -1.046902394969924 -1.680113394562607 -1.5221833542603902 0.7664910554885864 0.9954798221588135 0.759820818901062 20.40728187561035 0.5906162261962891 4418913764330667008 0.999985752092191
229.03648543475424 -0.14517400477212708 0.8290808111576855 45.82693462233839 0.0015519802750330169 0.29665095100169403 -1.1121186698234642 1.1485798358917236 2.3609695434570312 1.6061855554580688 20.70354461669922 0.9199714660644531 4418913764330667520 0.046483210029075364
229.03520924878254 -0.14698067414644653 0.8259229597337552 45.82670975461184 -0.08092606917792498 -2.25615350696583 -2.8978395415761904 0.6383015513420105 0.8073810935020447 0.6859853863716125 20.293603897094727 0.7520408630371094 4418913764332387840 0.9926861676212425
229.04176138102397 -0.1499761650623666 0.82885954953154 45.819802133789764 -0.11989487391631974 -2.0344967031023202 -3.4460089821877444 0.49520376324653625 0.632285475730896 0.5099170207977295 20.01375389099121 1.1100692749023438 4418913764332401664 0.9876305599719425
229.00500165280337 -0.14817901272549633 0.7961334282760207 45.84869141716962 0.8461275579411601 -1.9338827543147101 -2.4548640889692424 0.6208081841468811 0.855964720249176 0.668734073638916 20.092456817626953 0.6743564605712891 4418913798690402304 0.9949827918875488
229.0152771602042 -0.14568825296558302 0.8085232074287636 45.842583943961635 0.7228384320860398 -1.9310932805333896 -2.6784268087387026 0.5499392747879028 0.7165546417236328 0.6085181832313538 20.14761734008789 0.7389106750488281 4418913798690405888 0.9922351337578708
229.01316101824227 -0.14544454654909758 0.8067905573888116 45.8443390993271 -0.08746182379586667 -0.7197437660249706 -3.7748929723851212 0.7770591378211975 1.0320900678634644 0.8193753957748413 20.30105209350586 0.5062904357910156 4418913798690734592 0.9092709171428669
229.0074053342323 -0.1509740568702428 0.7953775766605967 45.84504275932274 -1.2329247101245175 -2.013007936620175 -3.4606368908597087 0.7291758060455322 1.0621528625488281 0.855950117111206 20.36311912536621 0.7040386199951172 4418913798692072960 0.9999998428515895
229.0148358158983 -0.14532276575653832 0.8085023091319711 45.84315678992225 0.023696117151950302 -2.90916112482168 -2.7980412611333914 0.6071513891220093 0.7920140027999878 0.6800631880760193 20.243316650390625 0.4721698760986328 4418913798692088832 0.9923402944170404
229.00114736256683 -0.14979099122194478 0.7907521536660769 45.85053646825113 0.05330206828126491 -2.7236006894059064 -2.6058902379277704 0.05381534621119499 0.06251399964094162 0.04876323044300079 16.284671783447266 0.9965372085571289 4418913802986244608 0.9909182904326084
229.0239291969833 -0.1366296542592974 0.8264861579425681 45.842014277598906 -0.3853515931453935 -3.044743605719004 -2.009865883469043 0.5929046869277954 0.7698370218276978 0.6596119999885559 20.249727249145508 0.5726699829101562 4418913833050157056 0.9978788537832989
229.019766051305 -0.13348110987168854 0.8259671022788816 45.84722141491514 0.7053418513288079 -2.978353105534798 -3.329338150121389 0.5366385579109192 0.6789846420288086 0.5634467601776123 20.071115493774414 0.8135242462158203 4418913833050162176 0.9935089745010176
228.98154201782097 -0.15140431178890362 0.7704994402302803 45.864248526094386 0.32776868969007167 -2.7538417074292374 -2.9443949677993904 0.9244184494018555 1.272337555885315 1.5644640922546387 20.53717803955078 0.6256980895996094 4418913901769612288 0.9835183777667365
228.98769666401313 -0.1472365064412278 0.7808198981079554 45.86235150071639 0.35696628545541054 -2.920871852699614 -2.582531922100693 0.11599471420049667 0.1439206749200821 0.11863407492637634 17.84714126586914 1.1205177307128906 4418913901769619456 0.9862409391711864
228.9877476032508 -0.14494510258659118 0.7833474221378143 45.86381954550496 0.6283278057585431 -0.022132480105153028 -4.026416183839652 1.1172494888305664 1.5830121040344238 1.3602298498153687 20.77022933959961 0.47022247314453125 4418913901769622016 0.2902866533083564
228.98535030533068 -0.14499071255685916 0.7810347992781085 45.86559596653784 -0.4692805517980482 -3.3208549398135228 -2.9617793381627875 0.4814392030239105 0.6804515719413757 0.5659947991371155 20.070648193359375 0.8968334197998047 4418913901774186496 0.9989884957547638
228.99796158757067 -0.14990830547957038 0.787618573787975 45.852860072402265 -0.005795122462805349 -2.772121251472533 -2.7061578736809335 0.05959240719676018 0.0690336599946022 0.05634823068976402 16.453886032104492 1.2172203063964844 4418913906065459712 0.9922172477125601
228.96175253247526 -0.15435997096804718 0.7486104024407811 45.877212790600474 0.6203898654171146 -2.539885770670093 -3.310021567567305 0.4820600748062134 0.68818199634552 0.5840296745300293 20.016881942749023 0.9867362976074219 4418913936129347584 0.9753019100078228
228.98131475960017 -0.14336641601115818 0.7789822416564688 45.86970463520119 0.5149865263599323 -1.8505225096623805 -1.9896036646476272 0.5573364496231079 0.7304831743240356 0.6682788729667664 20.138139724731445 0.8138046264648438 4418913970489100800 0.968495941202201
228.9746182423126 -0.14004296459533372 0.7762553736716903 45.87693539004793 -0.017656250106662802 -2.645744568740442 -2.5148391276654145 0.15242189168930054 0.18129248917102814 0.1659742146730423 18.32187843322754 1.0355415344238281 4418913970489106432 0.9901383206753424
228.98192220622806 -0.13787314127341044 0.7855007270130351 45.87285832750831 0.2248826296466671 -3.3694286523757473 -0.5159243808024708 0.589043378829956 0.7361374497413635 0.6853636503219604 20.305809020996094 0.7085075378417969 4418913970489109504 0.33633839781263986
228.98038397932368 -0.13367209939331323 0.788595316378433 45.876779148268966 -1.5506241640181744 -2.3057767767027695 -3.0658284632402597 0.844114363193512 1.0888309478759766 1.1426377296447754 20.605514526367188 0.5175018310546875 4418913970489114624 0.9999999994204067
229.00223751501258 -0.14325969441001146 0.7988477997047828 45.854007962666145 -0.11055672162997413 -2.5415942454435836 -2.2192064163721006 0.6802908182144165 0.9037167429924011 0.83365398645401 20.345449447631836 0.6904201507568359 4418914004848839168 0.9934511622935193
228.9961128810666 -0.134828788834975 0.8021916151403494 45.864165135555474 0.22518679057893246 -2.3579254853668643 -2.9781046095713344 0.21833093464374542 0.24432805180549622 0.22917306423187256 18.770294189453125 0.9586582183837891 4418914004848851968 0.9882353156823952
229.01388629825925 -0.1347043712204285 0.8190969687871968 45.85085013623649 0.25954640902684983 -0.318246027610006 -0.27211078254522003 0.36799052357673645 0.4691161811351776 0.3910693824291229 19.58287811279297 1.1559066772460938 4418914039208590848 0.008467015485360593
229.00590845889076 -0.13330227027930702 0.8130877175886649 45.857785139508415 -0.3013406605359435 -2.0944883829914467 -2.9099655974173544 0.6165892481803894 0.8244192004203796 0.6806324124336243 20.272239685058594 0.8752288818359375 4418914039208592384 0.9980432748137277
229.01465488373077 -0.12688105369505873 0.8282896307984782 45.85541090250875 -0.5071486058969151 -2.2518262406441814 -3.7173118551090614 0.9132846593856812 1.071248173713684 1.0233347415924072 20.645647048950195 0.7692070007324219 4418914039208601600 0.9990410327648992
229.00973573291608 -0.12590010598866558 0.8247109076822932 45.859763858138486 -0.1773927203989713 -4.15938298322179 -2.191260622516772 0.7183663249015808 0.9473550915718079 0.8186160326004028 20.422163009643555 0.7381324768066406 4418914039208605184 0.98626475528795
229.00687009644716 -0.1273297379053158 0.8204597090990086 45.860984792327656 -0.5444548711404275 -5.849755150466299 -1.8576846200280006 1.1169275045394897 1.3869026899337769 1.1365854740142822 20.6732234954834 0.4605541229248047 4418914039209019392 0.8379504064419457
229.00656334811012 -0.1258668333341171 0.8217538708559605 45.862177242849256 0.46666746074183635 -3.1904161651097924 -2.741206138769135 0.3023332953453064 0.3472801148891449 0.3042709529399872 19.333044052124023 0.9917926788330078 4418914039213637632 0.9912779498579638
229.0200023098957 -0.12971100192682647 0.8302703946742578 45.84952022488607 -0.2696927966534232 -1.9877892295387287 -2.2474196103022126 0.708889901638031 0.9240239858627319 0.7950525879859924 20.46247100830078 0.4830589294433594 4418914043503869952 0.9966158203347959
229.0083304497279 -0.1341290329607686 0.814478114927048 45.855416207281934 0.10158974570666983 -2.8749510000555585 -2.6227329972179105 0.0501936711370945 0.058607712388038635 0.04639606177806854 16.177766799926758 1.2655010223388672 4418914043504415232 0.9916284462831205
228.9889980007998 -0.12917404558788723 0.8015966425952714 45.8732439980301 1.1115468328117997 -3.7278669448411526 -3.401511812375661 0.5624074935913086 0.6791150569915771 0.611267626285553 20.18518829345703 0.7202529907226562 4418914073568342016 0.9989490454780733
