results/clus_mem_lists/Pal 5.ecsv
# %ECSV 1.0
# ---
# datatype:
# - {name: ra, unit: deg, datatype: float64}
# - {name: dec, unit: deg, datatype: float64}
# - {name: l, unit: deg, datatype: float64}
# - {name: b, unit: deg, datatype: float64}
# - {name: parallax, unit: mas, datatype: float64}
# - {name: pmra, unit: mas / yr, datatype: float64}
# - {name: pmdec, unit: mas / yr, datatype: float64}
# - {name: e_parallax, unit: mas, datatype: float64}
# - {name: e_pmra, unit: mas / yr, datatype: float64}
# - {name: e_pmdec, unit: mas / yr, datatype: float64}
# - {name: g, unit: mag, datatype: float64}
# - {name: bp_rp, unit: mag, datatype: float64}
# - {name: source_id, datatype: int64}
# - {name: gmm_mem_prob, datatype: float64}
# schema: astropy-2.0
ra dec l b parallax pmra pmdec e_parallax e_pmra e_pmdec g bp_rp source_id gmm_mem_prob
229.62781598555034 -0.6411950509724923 0.8496159231030538 45.05525952131173 0.24572354367671712 -0.8859948733343318 -0.18475594730056966 0.24027854204177856 0.3076024353504181 0.25305989384651184 19.17646026611328 1.056732177734375 4418642906513912320 2.416888807725479e-64
229.49652988599848 -0.6076918110353824 0.7631518378362201 45.17622872668311 0.40912965633375914 -0.7141733738003 -0.48111817413639923 0.4086439609527588 0.40061479806900024 0.3325151801109314 19.446956634521484 0.8727054595947266 4418649984620034048 2.36534339391917e-45
229.42383782622238 -0.5173796128881714 0.7919268788782445 45.29037463681736 0.3879421117035583 -0.9069489618429524 -0.39776308294264495 0.3526747226715088 0.3674187958240509 0.292960524559021 19.48441505432129 0.9164466857910156 4418654417026326016 1.0991287506741552e-32
229.5070797274812 -0.5123585162691283 0.8749886679515266 45.230913539226485 0.21167583196550696 -0.9954974067276412 -0.8712146305007958 0.13916327059268951 0.14922651648521423 0.12764137983322144 18.03280258178711 1.1310443878173828 4418657234524874240 5.905609439932078e-40
229.05925151537392 -0.5973733710810502 0.3639301815874168 45.51173824235862 0.45260091612429054 -5.229650538821123 -2.3359711994087053 0.3052886128425598 0.34687891602516174 0.28774628043174744 19.134353637695312 1.238576889038086 4418676991373698048 1.7454852840042058e-15
229.07218095356518 -0.5735795883951554 0.40160409312157547 45.51777031990078 0.16331556207195416 -4.10250729563072 -1.6481147525129614 0.6383799910545349 0.7471261620521545 0.7185388207435608 20.227645874023438 1.4232368469238281 4418677128812663808 4.478643413499122e-14
229.01441449780788 -0.5746181262178505 0.34595828980287285 45.56041551019581 0.3270441577422118 -5.952193639737124 -2.5579557033920572 0.20051619410514832 0.22385169565677643 0.19664138555526733 18.554651260375977 0.9587841033935547 4418678743720367104 6.9150091456410265e-15
229.07493390773962 -0.5531113706546236 0.4261261317973133 45.52923132835798 0.37897890283223146 -3.8826768646769994 -0.5800491848080644 0.17980653047561646 0.2009848803281784 0.1680321842432022 18.46172523498535 0.68212890625 4418680118109913088 1.1668875054297422e-14
229.0775778837026 -0.5305109516401176 0.45284108232140086 45.542177258267465 0.3173525140370408 -6.19395977591698 -2.555372933982784 0.880474865436554 0.8783215880393982 0.9276250600814819 20.293317794799805 1.5403995513916016 4418680599146486272 2.6636429449186196e-12
229.10810734503994 -0.5038530393706981 0.5102033479212698 45.53684964622208 0.33476888202653865 -7.519722408060538 -4.933440917914996 0.07994109392166138 0.09335505962371826 0.07956051826477051 17.221372604370117 0.9284896850585938 4418680942743655936 1.069726968288265e-14
229.02023656619468 -0.5230130579111183 0.4067644945128686 45.59017120881198 0.5480833611059216 -5.206955431960683 -0.09415111064617775 0.25473669171333313 0.2576333284378052 0.23466083407402039 18.91913604736328 0.7432117462158203 4418681183261816320 1.6584077062498677e-14
228.99494480904718 -0.5089135628526679 0.3979926751857982 45.61846884062479 0.32356690804252486 -6.40048400566305 -0.1413699295322976 0.43399539589881897 0.4089401364326477 0.36969128251075745 19.55426025390625 0.7578773498535156 4418681458139728896 2.9298531091985953e-15
229.06962279634158 -0.47639539201592684 0.5033887625328846 45.583882712812034 0.3351994400562997 -4.521858004679015 -4.279224048928551 0.20054274797439575 0.20838572084903717 0.18659301102161407 18.625104904174805 1.3354816436767578 4418681836096864256 8.286415444375632e-09
229.22817221773388 -0.45663943153219005 0.6737935921498166 45.47769109536561 0.38089785558189937 0.15687490282040417 -6.914479627484533 0.10355779528617859 0.10578160732984543 0.09840549528598785 17.575326919555664 0.8749809265136719 4418701902184776704 6.269971937073484e-21
229.28377813126343 -0.4043099122376034 0.7821625393971915 45.470244483535375 0.1056702204229145 -5.4554562623156615 -2.7860873115171723 0.24009282886981964 0.24524836242198944 0.2125268280506134 18.895774841308594 0.7393150329589844 4418703963769096192 2.3486083893579453e-12
229.30625178231222 -0.38698504370558695 0.8218416342848742 45.46469275356099 0.42465018831553036 -6.9569554854261435 -3.2780518846269424 0.10881521552801132 0.11425761133432388 0.10029815137386322 17.83371925354004 1.0864315032958984 4418704105503012352 9.445589304325574e-15
229.12964251681467 -0.4588565276437036 0.5787722277901978 45.55034692264576 0.09283278060383122 -3.7732553233124904 -7.449189042849442 0.3735753297805786 0.39906296133995056 0.34309184551239014 19.500118255615234 0.7452278137207031 4418704650963844608 3.5797813932594472e-16
229.10158999737376 -0.4723107354584962 0.5379071881672259 45.562559593906464 0.14688813213913846 -5.01155619718249 -6.11035121802378 0.4116145074367523 0.45292606949806213 0.4059143364429474 19.74471092224121 1.2095508575439453 4418705269438432768 1.4573310981036025e-12
229.09764601558646 -0.464236367206913 0.5428587302149953 45.57085012934668 0.20310399491724473 -2.1689779273306717 -9.362578962766378 0.30687740445137024 0.3589392900466919 0.29049110412597656 19.255823135375977 1.0632972717285156 4418705269438436864 4.481265041163885e-25
229.10289714945813 -0.4438748623613266 0.5696718595113507 45.58033240795271 0.06907827849321331 -2.3900105648884358 -3.193563215511901 0.7664259076118469 0.8176671862602234 0.870516300201416 20.232038497924805 0.3719444274902344 4418705441237138432 9.018242825981453e-07
229.10472425189167 -0.4397718727150313 0.5758004104976093 45.58166428495268 0.2050122252428891 -6.498577516060673 -1.7642890956519632 0.1013093963265419 0.11133461445569992 0.09712529927492142 17.676389694213867 0.8198986053466797 4418705475596879872 4.58446960820424e-09
229.08233648164946 -0.44612375968529705 0.5478802844024032 45.59430395546677 0.12083694087309313 -2.532956119082126 -2.6120910165914144 0.5199615955352783 0.5821976661682129 0.5406182408332825 19.924169540405273 0.9011192321777344 4418705544320534016 1.1744262690327802e-06
229.15950344387187 -0.41502478832052925 0.6539544042629408 45.55677119624108 0.21403729806619956 -2.281410972886004 -8.45486057198385 0.26366737484931946 0.27747416496276855 0.24857395887374878 19.103008270263672 0.9186496734619141 4418705956633917952 6.66085052965183e-20
229.16464148493117 -0.41332215736272615 0.6606166067573831 45.554026239458736 0.1427480466765057 -0.6035488301563428 -5.690566887238473 0.18675386905670166 0.19835186004638672 0.17314444482326508 18.519920349121094 0.8817691802978516 4418705956633918464 9.322731649054463e-12
229.171652560115 -0.4102900204968394 0.6704682043672737 45.55074673672995 0.22156495652730013 -5.018477585230833 -6.284694482202727 0.3209459185600281 0.31532081961631775 0.29321375489234924 19.21794891357422 1.4963111877441406 4418705956633919488 3.3788141628976584e-12
229.10316000586326 -0.40964517709804876 0.6067006834011325 45.60270042184425 0.24505376234635481 -3.5660498638535376 -2.8972184676202635 0.322337806224823 0.37127357721328735 0.3199954628944397 19.4591064453125 1.536865234375 4418706128431920128 3.0163134927000026e-05
229.21711432576882 -0.4124226822086704 0.710896574523312 45.51512105320675 0.18118778430865973 -4.175035340704565 -3.001936086189122 0.06411057710647583 0.0681459978222847 0.06093210726976395 16.779470443725586 0.60699462890625 4418706441965223936 1.0432821776242396e-08
229.19494616340836 -0.40091784755811055 0.7024365263161036 45.53938288065797 0.020261761374543386 -0.8807552123495593 -5.394645523144023 0.17279213666915894 0.1916240155696869 0.16087666153907776 18.369949340820312 0.9612026214599609 4418706712548166144 2.98211961813269e-11
229.22734485570237 -0.38855821507905586 0.7461524785779979 45.52311750505983 -0.0038204883006592288 -5.4223864454968975 -3.8232578543963665 0.21007636189460754 0.22043731808662415 0.19880566000938416 18.761932373046875 1.0126934051513672 4418706781267646464 3.394922217728765e-09
229.2064952538926 -0.3871790924061656 0.7280564637006262 45.5397275073586 0.19500890090687412 -1.0724468754248475 -6.841297215834341 0.22536304593086243 0.23778724670410156 0.20972874760627747 18.88037109375 0.6104488372802734 4418706815627384832 3.5280915610149065e-15
229.16264451554767 -0.3987951485292333 0.6743531475051724 45.56509502823588 0.15193056239328426 -1.1134766278948875 -2.922658812292958 0.14952455461025238 0.16295796632766724 0.13941679894924164 18.12535285949707 0.8860416412353516 4418707507117117440 1.7974522329633817e-07
229.14851915776111 -0.37559751138497843 0.6860128745181011 45.590999542326 0.4121826901935322 -2.003536367251452 -5.52318050219226 0.44550639390945435 0.5331985354423523 0.4310484826564789 19.79279136657715 1.2104053497314453 4418707777700062720 2.1942054232641506e-08
229.45396437618007 -0.3873693421558485 0.9595305125648508 45.35300417255667 0.089439836473997 -2.017991287146144 -1.0533318134332055 0.9896078109741211 0.9348717331886292 0.7994488477706909 20.619749069213867 1.0799579620361328 4418709117729855488 1.5953342604692707e-27
229.42820461037292 -0.3435944495565674 0.9825441771106004 45.401154467914225 0.07043195293747288 -2.537054987037549 -1.2121261426678416 0.2706345319747925 0.29450374841690063 0.24846623837947845 19.316198348999023 0.7594680786132812 4418710354680448000 4.9598367465523564e-23
229.51824450920827 -0.2871136101540583 1.1272719389295398 45.37009106633781 0.08584400876967661 -2.433647590990204 -1.3118446451969255 0.8099135756492615 1.0176798105239868 1.1235830783843994 20.52796745300293 0.79669189453125 4418711694709162496 1.0121213870772788e-31
229.48596475047177 -0.2625461826937913 1.1236629029594953 45.410576785911886 0.07408718137319723 -1.8333911597922568 -1.5299486277241188 0.16326060891151428 0.17205658555030823 0.15414562821388245 18.474109649658203 0.8500480651855469 4418712588062361600 7.227696977533725e-28
229.312993569284 -0.36617221250628496 0.8505328652254847 45.473281589246 0.09945857058036212 -3.944201679135892 0.19522654254429475 0.14723047614097595 0.1639636605978012 0.1359427124261856 18.256473541259766 1.2334823608398438 4418712931660819968 1.467190205862173e-16
229.28024962187922 -0.33960649136035354 0.8484328335820657 45.51542059640126 0.09765427795614075 -3.4813261158040625 -2.411640216712009 0.37456074357032776 0.45841556787490845 0.3668071925640106 19.66889190673828 1.0620574951171875 4418713206538733568 9.69265258168083e-10
229.31199483165025 -0.3082066301118095 0.911974506529547 45.51208789138034 0.17236779069704966 -6.010122577567776 -2.120467522671911 0.16947704553604126 0.1878814548254013 0.15856747329235077 18.54778480529785 0.8491878509521484 4418713447056909824 2.2399470318051857e-12
229.3530120070847 -0.3270553143449396 0.9300712148018141 45.46876713987586 0.54454225841962 -1.8699580156261215 -5.493558289005338 0.256824254989624 0.25692033767700195 0.24037431180477142 19.008018493652344 1.5699920654296875 4418713481416643584 3.726202644159082e-18
229.26365502373912 -0.2857347028137308 0.890889170862087 45.56330837731845 0.34975304082743736 -3.4313501680675196 -4.207355440838189 0.598021924495697 0.753228485584259 0.5642765760421753 20.227380752563477 1.4578781127929688 4418714447783357440 2.3285340818437484e-08
229.39080340247946 -0.28941741846683 1.0059231878711408 45.464910252717964 0.09000040515175166 -2.6999974821829595 -1.7967582513244742 0.29484325647354126 0.3309076130390167 0.2707209885120392 19.343507766723633 0.8194255828857422 4418715130684092416 1.2589939993499715e-17
229.39336289847392 -0.2561886517342792 1.0441164386251696 45.484745272143 -0.04652769321182891 -2.55160908153472 -2.022811625805626 0.05736513435840607 0.06496787071228027 0.05524730682373047 16.7542667388916 1.1415348052978516 4418715547295943168 3.863702640658916e-17
229.44924571219124 -0.25020951584583184 1.1027240419087279 45.44641691703776 -0.05253714276320757 -3.505620205413762 -3.421807020045015 0.30700060725212097 0.3475103974342346 0.31253618001937866 19.470773696899414 0.7162075042724609 4418715714798554624 5.01386390103718e-22
229.0416461823491 -0.42741210095667587 0.5296080490974704 45.63722692207198 0.43784782879327283 -3.6849648720204233 -1.0035470178918275 0.854733407497406 1.2149934768676758 1.0069862604141235 20.534257888793945 0.5010032653808594 4418717432785836544 3.817257025730889e-07
229.01651870492844 -0.42179698777334085 0.5119247079088762 45.659811734785244 0.4540270340693789 -5.06927085843532 -2.5181333292330397 0.3846956789493561 0.4086122214794159 0.38468727469444275 19.52705192565918 1.4095211029052734 4418717604584530944 4.354650949901314e-06
229.08107686515422 -0.39560182651787407 0.6009918585960469 45.62856374588538 0.13296177156003708 -3.8043383658249788 -2.7185533117285 0.08370513468980789 0.09256463497877121 0.07920794934034348 17.349735260009766 1.05694580078125 4418717948181924864 0.00020661551128447634
229.041373484876 -0.35680520706303087 0.6052965890834316 45.683993114940876 0.4499065730776292 -3.5935942287061673 -4.805199202871869 0.10871973633766174 0.12214739620685577 0.10485214740037918 17.800752639770508 1.2639904022216797 4418718978974087168 0.00020428385479043316
229.04246466475556 -0.30567132205710323 0.6614051410029044 45.71686045482659 0.24773445813395667 -0.8584819377173443 -0.6396418434911448 0.2522609233856201 0.31360575556755066 0.2727508544921875 19.132186889648438 1.2266464233398438 4418719494370178048 0.00010894351101445703
229.19428060774993 -0.3013433512632826 0.8089682727781493 45.60537066444012 0.2233517887363248 -2.0995617725793005 -5.979519601848198 0.08211889117956161 0.08005449175834656 0.06873638182878494 16.98926544189453 0.8495998382568359 4418720220220320768 5.38894745574741e-09
229.1590517462793 -0.3083734914964378 0.7682864281498966 45.6272968112975 0.07082981078009774 -4.3809294638193705 -4.795751579220752 0.29065635800361633 0.3394576907157898 0.2613355219364166 19.14980697631836 1.053823471069336 4418720353364321792 4.0501427952708045e-05
229.14560441671821 -0.2904614458967476 0.7749426581988724 45.64920589423197 0.05573504355320453 -2.794427979871433 -2.665792367890398 0.0418957956135273 0.043412286788225174 0.03899769112467766 15.867801666259766 1.2858142852783203 4418720460738493952 0.015738108548851708
229.1186700196368 -0.2956363068137377 0.7440230079251514 45.66609322731782 -0.06410332732844076 -3.2422872362114505 -2.627588713914353 0.5819544196128845 0.674498975276947 0.5812926888465881 20.153642654418945 0.6875743865966797 4418720800040238592 0.08817607186731743
229.11422884143292 -0.29249855877123987 0.7432246321412679 45.67150227017802 0.21472267852658783 -3.369025030741086 -2.6487823046266263 0.9646459221839905 1.237959861755371 1.089709758758545 20.53885269165039 0.5038280487060547 4418720868759716864 0.07038472848166887
229.07802211318932 -0.29047189188925965 0.7113101681332221 45.70010164660362 0.10352216386131469 -2.8501617033111684 -2.728461131389419 0.15969018638134003 0.1744261234998703 0.16340352594852448 18.36406707763672 0.8249359130859375 4418721044854050816 0.2820513468304639
229.14708218115405 -0.280975872318633 0.786557585989635 45.65432849716918 -0.03789090741919271 -3.536996816960856 -0.8478366122411606 0.17841464281082153 0.19622261822223663 0.16825252771377563 18.5221004486084 0.6450347900390625 4418721212357103616 0.0006218265864838008
229.1487880473721 -0.2705268261562292 0.7994280833344894 45.659911263644574 0.1695861536822923 -3.441497524050493 -1.8666460106898228 0.1656806766986847 0.18257617950439453 0.15648943185806274 18.39126205444336 0.6695823669433594 4418721315436321792 0.012059045966455347
229.13812458697495 -0.2573349165928938 0.803626955190488 45.67661826228662 -0.363818216237378 -2.5573333770577644 -3.086917467406531 0.4777887165546417 0.4960506558418274 0.43612241744995117 19.850299835205078 1.2343521118164062 4418721384155802624 0.4149347304348162
