results/clus_mem_lists/Pal 5.ecsv
# %ECSV 1.0
# ---
# datatype:
# - {name: ra, unit: deg, datatype: float64}
# - {name: dec, unit: deg, datatype: float64}
# - {name: l, unit: deg, datatype: float64}
# - {name: b, unit: deg, datatype: float64}
# - {name: parallax, unit: mas, datatype: float64}
# - {name: pmra, unit: mas / yr, datatype: float64}
# - {name: pmdec, unit: mas / yr, datatype: float64}
# - {name: e_parallax, unit: mas, datatype: float64}
# - {name: e_pmra, unit: mas / yr, datatype: float64}
# - {name: e_pmdec, unit: mas / yr, datatype: float64}
# - {name: g, unit: mag, datatype: float64}
# - {name: bp_rp, unit: mag, datatype: float64}
# - {name: source_id, datatype: int64}
# - {name: gmm_mem_prob, datatype: float64}
# schema: astropy-2.0
ra dec l b parallax pmra pmdec e_parallax e_pmra e_pmdec g bp_rp source_id gmm_mem_prob
[from data line 415]
229.0420794304412 -0.06996079137964563 0.9157994714373386 45.87209812274528 -0.20321125211921734 -2.0407948508965528 -2.626380179364268 0.5065528750419617 0.5764145255088806 0.5337080359458923 19.964597702026367 0.4499073028564453 4418921289115105792 0.9935514278650682
229.0422046772219 -0.06901817401168127 0.9169391392991421 45.87262211259866 0.7486911283957544 -2.85271296663958 -1.2392210188901718 0.6808289885520935 0.7983976602554321 0.7666520476341248 20.340402603149414 0.4978370666503906 4418921289115106304 0.9652980068061008
229.0535145624937 -0.05748618124703915 0.9400959850213921 45.87165172573577 -0.17001102473324448 -3.5049940131503057 -1.438470835304903 0.5153766870498657 0.6903596520423889 0.6510673761367798 20.047134399414062 0.6202545166015625 4418921323473240064 0.9319773406586829
229.04885298211212 -0.04540563580816007 0.9488027070596727 45.88309406129755 -0.2668082120921763 -2.8626573016669408 -2.5477652684352066 0.2681116759777069 0.3507404923439026 0.29805827140808105 19.092243194580078 0.9104976654052734 4418921392192734720 0.9918752649959114
229.0506523998457 -0.04887654605760643 0.9467342254436407 45.87945928322502 0.5019439708401676 -2.210701652936427 -2.4493822791367403 0.46065831184387207 0.5504217743873596 0.5171292424201965 19.794719696044922 0.9805889129638672 4418921392194337280 0.9734920014784907
229.03989750189868 -0.044467875949010735 0.9413813021214905 45.89046926661112 0.06900489811055159 -2.6937696302312704 -2.677700679132023 0.06426610797643661 0.0639820322394371 0.05424719676375389 16.211458206176758 1.133162498474121 4418921396488436224 0.9796356850965477
229.0648371716188 -0.04057846044381673 0.9690935385994927 45.87419183329478 -0.04777874166145003 -1.296047539774306 -3.0419942735808867 0.6604755520820618 0.8567997813224792 0.7490248084068298 20.35301971435547 0.9346580505371094 4418921426552478208 0.9086090765027306
229.0559579200839 -0.033550254140801934 0.9683536435290622 45.88550427960781 -0.1267016928508084 -2.818672462021107 -2.743437847679456 0.15360790491104126 0.17199154198169708 0.14826031029224396 18.228242874145508 1.066091537475586 4418921495271963136 0.9759606110070111
229.0641433342488 -0.036431196717709564 0.9729380158192148 45.87743484013346 0.19042408106097153 -1.4930730495418199 -2.0843628964787873 0.7847797274589539 1.1553058624267578 0.9514402151107788 20.317272186279297 0.5176925659179688 4418921529631696896 0.8485589892879458
229.0659228463486 -0.028729615268148514 0.982967582279356 45.88114002696957 0.07973888414308607 -2.1677721503425023 -2.1743485323195877 0.3735904395580292 0.44510069489479065 0.37911927700042725 19.638668060302734 0.6018352508544922 4418921529631707136 0.9108895912260399
229.07345754852165 -0.027513326648007774 0.9913812739994483 45.87624702663668 0.15550319402330182 -1.6215538834258525 -2.431624132506359 0.4623253047466278 0.5617409944534302 0.4338216781616211 19.76239776611328 0.8699951171875 4418921529631708160 0.8319764039401717
229.03171779983722 -0.04632361098633262 0.9316596325790276 45.89542592966701 0.1614156617191539 -2.434525738431753 -2.0354994360581786 0.2892151176929474 0.34673580527305603 0.3193482458591461 19.224441528320312 1.084930419921875 4418921598351162880 0.9710105688450171
229.01319764130108 -0.03514577431687708 0.9263226440250205 45.91673669625717 -0.932170164937915 -2.378651614649069 -2.9560611823837486 0.3339143991470337 0.38574308156967163 0.2959868311882019 19.207313537597656 1.0208415985107422 4418921632710914560 0.9999811448493944
229.02345097347535 -0.03295052809142636 0.938371807511554 45.910438023757415 0.3878251360972914 -4.8287514895338095 -2.6274230907822136 0.3323626220226288 0.42790487408638 0.3928025960922241 19.35359764099121 0.7696685791015625 4418921667070655488 0.7964393344342428
229.0347559521302 -0.025714068944894315 0.9568786439797227 45.90665020884199 -0.03993583486864671 -2.767365738096821 -1.922310964469072 0.4497450292110443 0.5730960369110107 0.5115232467651367 19.844528198242188 1.1532306671142578 4418921701430402560 0.9607467002817224
229.05900393214543 -0.01875600158152641 0.9872725602575276 45.89290288321481 -0.03526532326108796 -2.4297936477545994 -2.677242680035132 0.3888845145702362 0.4723815321922302 0.3866542875766754 19.670690536499023 0.82666015625 4418921735790148608 0.9465267431618545
229.19071345060846 -0.01868620728424315 1.1111687468598603 45.793413500789775 -0.13506038906252862 -2.380729045446625 -1.9851092188543005 0.8689614534378052 1.0536949634552002 1.0397166013717651 20.611886978149414 1.823324203491211 4418922422985158656 0.0012450666352658763
229.08556507177644 -0.03252745628000105 0.9973392738122353 45.86381627275342 -0.07619207361147727 -1.1537573642986745 -0.65138050472943 0.11722442507743835 0.13255292177200317 0.11294915527105331 17.80320930480957 1.3666229248046875 4418922938380976128 0.04706639129617397
229.08263193014912 -0.01879752438322201 1.009472895799896 45.8750294634954 -0.08972362190259323 -2.645915244400317 -2.6203235501347573 0.10113069415092468 0.11178011447191238 0.09442640095949173 17.58025550842285 1.0881996154785156 4418923007100469760 0.8913812421524854
229.12526875444806 0.014098090097720055 1.0852784069437404 45.86435262578433 0.031074812729701043 -1.5887636606166098 -0.29980626074362743 0.21346497535705566 0.2531778812408447 0.20966747403144836 18.73114013671875 1.1042594909667969 4418923556856678400 0.0002828863298783658
229.13647044437045 0.040715433703049725 1.1247115010671955 45.87329981065288 0.2576207761180616 -5.010831922272384 -1.9444964963577414 0.07341275364160538 0.08447478711605072 0.0627535879611969 16.654232025146484 0.8619728088378906 4418923694295669760 0.0006389653819181438
228.95509063038062 -0.05539774884864972 0.849514659485116 45.94727813745332 -0.5580577608679179 -2.359384840284077 -3.0153602623205344 0.502071738243103 0.6328264474868774 0.5395468473434448 19.99931526184082 0.8928852081298828 4418924140972103680 0.9991314238520033
228.975745638107 -0.05221025677257952 0.8724763274058834 45.93379395111114 0.3807283986148931 0.14850981780546582 -5.392225004083424 0.12964418530464172 0.1409449279308319 0.11579283326864243 17.933847427368164 1.255014419555664 4418924179627247616 0.0009559549846681031
228.93547138682575 -0.05352374771658924 0.8330101810678927 45.96330212528017 0.33222539678802443 -3.084009440318651 -2.81245552771307 0.6231306791305542 0.808668315410614 0.706417441368103 20.30919647216797 0.7602787017822266 4418924312770483712 0.936773524182291
228.92958858420425 -0.05143158115478522 0.8297192931298938 45.96911178300915 -0.5273303091338905 -2.6330044664779386 -2.95262783905024 0.37272536754608154 0.4692014753818512 0.38540318608283997 19.72327423095703 1.0582866668701172 4418924312770487808 0.9971017033440839
228.94805716601508 -0.01776500718051232 0.8837021373672579 45.97729358650679 -0.03464376338132761 -2.81303591892952 -3.0826439995511485 0.6368796825408936 0.7487127184867859 0.6303989291191101 20.292818069458008 1.1586627960205078 4418924518928958464 0.9446324096121844
228.98204628948116 -0.019636914822899237 0.913762836407461 45.95042091731508 -0.6626271948182809 -2.0573037442602495 -2.5982443099589436 0.6685643792152405 0.7997639775276184 0.6971057653427124 20.24909782409668 0.7658710479736328 4418924656367908864 0.9995203346036073
229.02234480002645 -0.007804763168365604 0.9646160631415417 45.92776428718112 0.26273352285675794 -3.3756776935349073 -2.5901526066483602 0.413992315530777 0.4574187695980072 0.402386873960495 19.6239013671875 0.9223861694335938 4418924725087399936 0.9342653433190033
228.9760907368341 -0.004529588246033583 0.9245413082426679 45.96482763641938 0.3878552774393715 -0.0194254915464847 -2.349540982694532 1.3001803159713745 1.8412342071533203 1.7034856081008911 20.597671508789062 0.5616226196289062 4418924862526356480 0.3977378054510006
228.9631969678717 -0.0067530803294661886 0.9099550562903623 45.97309874431859 0.7539167612596032 -0.493184560176371 -3.8377225676943683 1.26437509059906 1.5064071416854858 1.3595912456512451 20.814193725585938 2.120990753173828 4418924931246067200 0.5222743082176212
228.97267315459965 0.001780761543908595 0.9281673635889744 45.97154689100269 0.005027579239138076 -0.8057274072116454 -0.10878520495039608 0.5076178908348083 0.6208215355873108 0.5327767729759216 19.967111587524414 1.113759994506836 4418924931246196736 0.007701241456431492
228.98483339114372 0.022930268890015787 0.9626150622216094 45.97623915127002 0.016826918194990007 -2.8773440054222865 -2.3922818858611623 0.3072760999202728 0.3615284562110901 0.29827338457107544 19.354145050048828 1.0792369842529297 4418925068685178368 0.8880740117322136
228.93662970457527 -0.0017358983101795568 0.8903091397536146 45.99643633149206 0.6139609086685355 -1.2189977935311724 -3.8527060041538967 0.4749455749988556 0.5994657278060913 0.4589936435222626 19.775218963623047 1.0183734893798828 4418925309202958848 0.5072130757092979
228.94289035423816 0.005993562560797183 0.9046185009567217 45.99678598810779 -0.04006655529383358 -2.701973433402345 -2.717675508603529 0.10186977684497833 0.11012083292007446 0.09289457648992538 17.554616928100586 0.9878578186035156 4418925313498621952 0.8993137658614022
228.96111042576166 0.03072107772229436 0.9486897172527465 45.999257847716535 -0.23631825135900109 -2.541635111899378 -1.9398905953972947 0.587732195854187 0.671053409576416 0.5991349816322327 20.23019790649414 0.7788925170898438 4418925790239694336 0.884501579352509
228.98418923059387 0.04017699200022917 0.9807480827870476 45.98803306159433 -0.039255428085567035 -2.868304373286925 -2.698704346562052 0.09128137677907944 0.09844590723514557 0.0834454596042633 17.352718353271484 1.1302204132080078 4418925858959183872 0.8139101636444128
229.04611606486634 0.006090542264131544 1.0021020292320961 45.9189214879586 0.15812587612242734 -2.862523257690639 -2.636224232828892 0.8500758409500122 1.0140323638916016 0.8441951274871826 20.600664138793945 0.8495826721191406 4418926236916260864 0.8808933438583417
229.05681697264802 0.022044050174941147 1.0295052596948675 45.92129054948606 -0.013932332182585945 -0.7500676592244544 -0.5172372388073212 0.2147882729768753 0.26121705770492554 0.20770661532878876 18.83389663696289 0.9384822845458984 4418926271276019712 0.007566541944295259
229.02655473377504 0.024048733520750237 1.0031733563362215 45.945465547126624 0.16798679402754943 -2.5350834554573423 -1.730590649918887 0.5266395807266235 0.6386821269989014 0.4980986714363098 20.135955810546875 0.7428379058837891 4418926511794191360 0.724122988164121
229.0150248256455 0.027372603160772915 0.9959160842738547 45.95635254896804 -0.0002938486050927565 -2.6738008362226426 -2.6909249871586827 0.13648803532123566 0.16242939233779907 0.12430940568447113 18.028112411499023 0.03991889953613281 4418926511794196480 0.8786416824797294
229.06590350687088 0.06207360971357174 1.081557044881287 45.94063614415269 0.03296752461436678 -0.5677383644051568 -3.05373647926265 0.293959379196167 0.3253301978111267 0.2705096900463104 19.304365158081055 1.677581787109375 4418927061550054400 0.03487609764754346
229.0219107996799 0.09488951757879777 1.0758151590210583 45.99537471095017 0.0021733048619656473 -2.7210183918775828 -2.663797287449492 0.03914889693260193 0.04049478843808174 0.03426432982087135 15.746001243591309 1.221755027770996 4418928165356912128 0.1275002761856795
229.203330809302 0.10187221878236427 1.2539426079365095 45.86266598117354 0.3031378019045797 -6.123995871940144 -3.5934378358308194 0.24187597632408142 0.3144749402999878 0.23661062121391296 19.06610107421875 0.8527736663818359 4419018321015019008 2.728081545406519e-10
229.20692277713746 0.16945119418137913 1.330867649550274 45.90404602040292 0.28543041068821445 -6.572030788344186 -3.8199210693078243 0.2620667815208435 0.3303118050098419 0.26909133791923523 19.159217834472656 0.7753982543945312 4419023062658922496 2.484592369172904e-14
