results/clus_mem_lists/Pal 5.ecsv
# %ECSV 1.0
# ---
# datatype:
# - {name: ra, unit: deg, datatype: float64}
# - {name: dec, unit: deg, datatype: float64}
# - {name: l, unit: deg, datatype: float64}
# - {name: b, unit: deg, datatype: float64}
# - {name: parallax, unit: mas, datatype: float64}
# - {name: pmra, unit: mas / yr, datatype: float64}
# - {name: pmdec, unit: mas / yr, datatype: float64}
# - {name: e_parallax, unit: mas, datatype: float64}
# - {name: e_pmra, unit: mas / yr, datatype: float64}
# - {name: e_pmdec, unit: mas / yr, datatype: float64}
# - {name: g, unit: mag, datatype: float64}
# - {name: bp_rp, unit: mag, datatype: float64}
# - {name: source_id, datatype: int64}
# - {name: gmm_mem_prob, datatype: float64}
# schema: astropy-2.0
ra dec l b parallax pmra pmdec e_parallax e_pmra e_pmdec g bp_rp source_id gmm_mem_prob
[from data line 296]
229.03466654619493 -0.1272557215084245 0.8467561361904842 45.84007649733923 -0.09469222885339325 -2.8181604557396738 -2.6562443424146975 0.07882854342460632 0.09319663047790527 0.07518009096384048 17.083297729492188 1.1532936096191406 4418919712861244416 0.9946429132492746
229.0436969612291 -0.1257096691660083 0.8569423357299502 45.83428212046025 0.3912157653723476 -3.464475945522855 -2.3137007677403556 0.5275479555130005 0.6666445732116699 0.5672284364700317 20.07143783569336 0.8096885681152344 4418919742925173760 0.9840597374163936
229.03946157303437 -0.12388451990930134 0.8549255799167897 45.838674763995726 -1.0700264071028678 -2.4463146570192684 -3.9720172632444055 0.5664049983024597 0.6760713458061218 0.5943365097045898 20.014097213745117 1.0146331787109375 4418919742925176832 0.9999952496949549
229.04033114716546 -0.11461082262269227 0.8657846371700603 45.84410886516183 -1.2012875443230646 -4.47988113847251 -3.181479746625594 0.6727819442749023 0.8667091131210327 0.7469253540039062 20.367155075073242 0.3106517791748047 4418919742925192192 0.9999974215226993
229.06625932890122 -0.12814782834715213 0.8755634670724828 45.81566435375263 -0.3492084272377133 -2.339886250747865 -2.4382169043059165 0.6095890998840332 0.8836624026298523 0.7352349162101746 20.257753372192383 0.5323753356933594 4418919777284907520 0.9962589426956318
229.0709720060737 -0.11817962909847779 0.8907916099787757 45.81865315530806 -0.014805407717657213 -3.25910680838283 -2.8551839153530327 0.5806329846382141 0.7968182563781738 0.5706639289855957 20.033559799194336 0.8358917236328125 4418919777284924416 0.9817212938055244
229.06041949260472 -0.11761924053343735 0.8814580780313166 45.82698157461633 0.5351627444153173 -3.3969283547962394 -2.9762091855589445 0.7271057963371277 0.9944437742233276 0.7924432158470154 20.424949645996094 0.9837703704833984 4418919777284925440 0.9845152235861209
229.07660805583507 -0.10970096347937162 0.9052781877023542 45.81996569611266 -1.2780245149922371 -2.4997421611721715 -2.4351013898384135 0.5949013829231262 0.7618370652198792 0.6140269637107849 20.137882232666016 0.7535972595214844 4418919811644676608 0.9999997291220749
229.0533321950868 -0.11943467191598049 0.872815193973215 45.83113565397047 0.19492954584697744 -3.6023689095613287 -2.861500097516076 0.7149564027786255 1.2834796905517578 0.9135088920593262 20.360187530517578 0.8694286346435547 4418919846004398592 0.9802231245049714
229.0545894633825 -0.11142469328917039 0.8826715652143701 45.83544600636447 0.07676165441070365 -1.8908302956743743 -2.3541131090626126 0.5264151096343994 0.6327489614486694 0.541310727596283 19.95119285583496 0.8246345520019531 4418919846004411904 0.9780299610721164
229.04702934897531 -0.11164788279886435 0.8753057994706264 45.84100220039719 -0.34754850918579844 -3.321594294238807 -2.7518334854023134 0.3870152235031128 0.48501163721084595 0.4018465578556061 19.6141300201416 1.0426387786865234 4418919846004412416 0.9976116356986628
229.0563663240515 -0.10822946770155648 0.8878053574831138 45.83620310515828 0.7861487185347433 -0.5422526785935465 -2.047461706800056 0.7499428391456604 0.9300015568733215 0.938580334186554 20.28592872619629 0.9647865295410156 4418919846004417024 0.8618632458034737
229.0534154575404 -0.10744108165216505 0.88587868387331 45.83894670794404 0.26641795636276655 -4.72694121242775 -3.924048598897619 0.7747744917869568 0.9941656589508057 0.8733548521995544 20.496868133544922 0.7438182830810547 4418919846004417536 0.6813984391129965
229.0535296323788 -0.11235354927486385 0.880667268865085 45.83563569906488 1.292176518508588 -3.317820843008697 -2.4548901515849413 0.6829790472984314 0.9018585085868835 0.7319092154502869 20.42560386657715 0.22211265563964844 4418919846004711936 0.9999015014691754
229.05126926184232 -0.11849249212118164 0.8718911924615036 45.83331025462636 0.10721701574645362 -2.62168067511388 -2.7345750579292747 0.09510460495948792 0.1113453134894371 0.09165305644273758 17.309467315673828 0.7107143402099609 4418919850300197376 0.9876000916329558
229.06599707153524 -0.11023190674658541 0.8947099248878744 45.827623111322566 -1.3432840423273074 -4.182985959215205 -3.2483397547497654 0.6923249959945679 1.0403975248336792 0.8875095844268799 20.37229347229004 0.5996990203857422 4418919880364153856 0.9999996473990427
229.07378105860147 -0.1025836753440662 0.9103224555549735 45.82676944202952 0.5040078398835608 -4.364664529868295 -2.3146698406920323 0.7773797512054443 1.2920361757278442 0.978836178779602 20.44358253479004 0.6147937774658203 4418919880364163072 0.9351320602918199
229.02010958121068 -0.12286781729696943 0.8377789954513227 45.853934872916994 -0.402952991697776 -2.718276075362553 -2.8367453426718683 0.3279874324798584 0.3713274598121643 0.32476237416267395 19.4238338470459 0.9517669677734375 4418919914723870720 0.9991089211701557
229.02501162599515 -0.12224862821547702 0.8430723649082381 45.85064546747508 -0.7159919299673888 -3.7051588283283605 -3.4642625685955033 0.7335769534111023 0.9437599182128906 0.7700320482254028 20.236278533935547 0.8117198944091797 4418919914723871744 0.999775185775952
229.02134735127103 -0.11741099307873874 0.844853973713496 45.85658598780129 -0.09439869116604256 -3.0246259101652395 -1.8148867177992272 0.4127584397792816 0.49307161569595337 0.43488988280296326 19.786788940429688 1.7670364379882812 4418919914723878912 0.9888851691664774
229.02308258411776 -0.12766223434105695 0.8353930773682922 45.84854382492318 -1.1252676767758958 -5.579669544578833 -2.9069583551556697 0.7759010195732117 1.3605443239212036 1.001758098602295 20.371112823486328 0.5888996124267578 4418919914724280320 0.9998980475454867
229.0127695455936 -0.11996578979374992 0.8339972616002869 45.861375365851615 0.42215358993220237 -3.4926812594942698 -2.392214215860145 0.8497098088264465 0.9562231302261353 0.8249776363372803 20.503738403320312 0.39620018005371094 4418919914725512704 0.9884799635576842
229.02901730895388 -0.12095924473348035 0.848245436964644 45.84847191404001 -1.1945890815783808 -3.166246736812613 -1.9645168680975247 0.7596080899238586 0.9500888586044312 0.956712543964386 20.39771842956543 0.8001194000244141 4418919919019128832 0.9999994126917314
229.01627501246986 -0.12525925324758772 0.8315734313964318 45.855254947827966 -0.203831624297785 -2.464306175005934 -2.213605673516381 0.4194883108139038 0.5313393473625183 0.43924275040626526 19.800113677978516 0.6163349151611328 4418919919019677184 0.9961771222104461
229.0237700545734 -0.11595630753189895 0.8487137261925541 45.85571460379607 -0.04468471112200673 -2.7578512377306916 -2.793052346325723 0.08775776624679565 0.0946459099650383 0.08189958333969116 17.31143569946289 0.7292213439941406 4418919919019677696 0.994505924085965
229.04131181401078 -0.11077275232614682 0.8708645877565397 45.845889333918734 -0.036140754747262166 -2.7012856720216076 -2.529458700069105 0.1992771178483963 0.22315582633018494 0.19902540743350983 18.681852340698242 1.0281219482421875 4418919949083630080 0.9925861348223042
229.03366293702175 -0.10460890119432045 0.8703289596987652 45.85570559512641 0.7861764607710872 -2.826994086858425 -2.126171065538943 0.6564489006996155 0.8530452847480774 0.7131251692771912 20.38014030456543 0.3869895935058594 4418919949083637248 0.9960098433918139
229.03527366128807 -0.10974837314801021 0.8662819520413455 45.851116109801836 0.9557197278052059 -2.371091750767992 -1.6971315243599043 1.140287160873413 1.408603310585022 1.2533884048461914 20.622238159179688 0.8681526184082031 4418919949083928576 0.9965083412600338
229.0324511041333 -0.1096828841403515 0.8636918822893414 45.853287888557425 0.7867354144847617 -2.565916469668047 -3.064796907893742 1.076594591140747 1.3951469659805298 1.2458521127700806 20.717012405395508 0.7975406646728516 4418919949083929088 0.9962843558798758
229.03740745035043 -0.11608161449904036 0.8614362433118619 45.84534808515429 -0.2648808117207986 -3.519101740168721 -2.5243739694271783 0.6396573185920715 0.8366208672523499 0.6877623200416565 20.237022399902344 0.42376136779785156 4418919949084019712 0.9961481573328426
229.0252258294567 -0.1104854798709524 0.8560101911855481 45.8582098362292 -0.2585027286985893 -0.8278556836124129 -3.4544560362277723 0.6526992321014404 0.8051998019218445 0.7380486726760864 20.35143280029297 0.7391777038574219 4418919949084108800 0.982508023889814
229.0402678125509 -0.10991510882689555 0.8708091778121517 45.847239888473005 0.571829603636836 -3.747754068683185 -3.1011551865282305 0.5288103222846985 0.6236124634742737 0.5433685183525085 20.03818702697754 0.8291664123535156 4418919949085305344 0.9868002737406248
229.02716624665038 -0.11696048990763004 0.850829104058417 45.852494085286125 0.01730223009005086 -2.7988959398673154 -2.686195307471486 0.05192601680755615 0.05394158139824867 0.04750784859061241 16.131139755249023 1.25872802734375 4418919953379416064 0.9931911698595111
229.02708528927434 -0.10851835924473664 0.8598936920922613 45.858099362117066 0.07522516367282041 -2.599621474728026 -2.5719398921516987 0.10321202129125595 0.11309374123811722 0.10083027184009552 17.567590713500977 0.9882583618164062 4418919953379417088 0.9919790383283213
229.03498698718505 -0.1101000091325103 0.8656309393906988 45.85110142637446 0.11249019818784156 -1.2719328332239221 -2.716049788688764 1.262507677078247 1.5477980375289917 1.7344914674758911 20.61248207092285 1.0692253112792969 4418919953379726336 0.9721037471533105
229.03102487724195 -0.1054218960721634 0.8669614177587289 45.85716148412177 -0.8081336396476101 -3.046992936838947 -3.2415263683699242 0.5923250913619995 0.7330716252326965 0.6971519589424133 20.21808433532715 0.7046089172363281 4418919953379726848 0.9999574726074052
229.0084938424684 -0.11702499970605414 0.8331475904029743 45.86653091811708 -0.7738756701415973 -2.2052866152983297 -2.4136845539982956 0.41795411705970764 0.4981895089149475 0.4446443021297455 19.815933227539062 0.6117820739746094 4418919983443357696 0.9999597592324129
229.01240434959504 -0.11013033751904296 0.8443022654944863 45.868111494229936 0.06238521111123621 -2.782159276323181 -2.761947296621977 0.3255195617675781 0.3778628706932068 0.3259962499141693 19.363115310668945 0.915557861328125 4418919983443369984 0.9930361459388755
229.0135474142269 -0.10864576087097726 0.8469881701844335 45.86822468304482 -0.7959620120942572 -2.339811825451872 -4.215251612023944 0.8303297162055969 1.12627375125885 0.981561005115509 20.453710556030273 0.6051540374755859 4418919983443667968 0.9998069006189619
229.00771769463665 -0.11760829204315437 0.8317837945928443 45.86673288777219 0.8184777250425087 -4.96943688887111 -3.450080932987243 0.6006544232368469 0.6876124143600464 0.5687233805656433 20.007287979125977 0.7205905914306641 4418919983444980224 0.9606572051536189
229.0089929611807 -0.10854424746184252 0.842801746136426 45.871725579323126 -0.3954998453497561 -2.4391986293977634 -3.566960389784174 0.41592836380004883 0.49304476380348206 0.4585917592048645 19.623140335083008 0.9813919067382812 4418919987739244544 0.9983411119625148
229.02000861609835 -0.1077011056087605 0.8541052940109589 45.86397283597199 0.14258691755991124 -2.8688926341729117 -2.5533748854463587 0.12238924205303192 0.13655152916908264 0.115477554500103 17.775135040283203 1.0840797424316406 4418920017803112960 0.9914285988017394
229.02350923516005 -0.10133205967192252 0.8643042473284641 45.865515363647944 0.06727111930300886 -2.531614390625954 -3.0064680634927963 0.30151620507240295 0.36122575402259827 0.31019315123558044 19.30526351928711 0.5837039947509766 4418920017803120128 0.9917189756615309
229.02487363183204 -0.09763325635083024 0.8695970928300542 45.86691503321055 -0.0692624080055598 -2.0681626134975057 -2.3670755555725593 0.156007319688797 0.17724712193012238 0.15275222063064575 18.343019485473633 1.086771011352539 4418920017803126784 0.9927288475826529
229.02285016651516 -0.10243320232818678 0.8624901335985299 45.86528935220285 0.16294946283043632 -2.883374082279038 -2.790897144987691 0.48112452030181885 0.5767521262168884 0.5351672768592834 19.92378044128418 0.7395305633544922 4418920017803410432 0.9910689477301802
229.02078325763804 -0.10601847302278525 0.8566580564586621 45.864493701950046 -0.9381530370454815 -0.7951602576787937 -4.0581394433504325 0.7928648591041565 0.9833617210388184 1.0071680545806885 20.46255874633789 0.8049030303955078 4418920022098343936 0.9999093698198206
229.04423622629076 -0.09714956831816093 0.8883740150440671 45.85262705256209 -0.004649089538563915 -2.8037229164949764 -3.7799673992391436 0.2895357012748718 0.33268529176712036 0.2993425130844116 19.27427101135254 1.0987186431884766 4418920052162864640 0.973824391851835
229.04408593821466 -0.10615779360277822 0.8784764826251079 45.84682681649377 -0.6544778906679517 -2.9331511243294823 -1.923079358138087 1.035143494606018 1.3322423696517944 1.5488802194595337 20.542165756225586 0.8214988708496094 4418920056458766848 0.9996178465763622
229.05691937957192 -0.09739852519710165 0.9000555092978768 45.842894940891476 -0.3021662456807222 -2.0872919208663774 -1.8031944465149767 0.7132779359817505 0.8154462575912476 0.7153910994529724 20.448204040527344 0.6774940490722656 4418920086522603008 0.9900851124102313
229.05395527687398 -0.09229537151592139 0.9027902660286279 45.84848054593973 -0.056652622266994024 -2.7585866869718054 -2.9024975572875333 0.7051730751991272 0.8666361570358276 0.6817290186882019 20.325542449951172 0.8172111511230469 4418920086522610176 0.9899091034686424
229.05579045266515 -0.08665485224471722 0.9106294846209803 45.85079739801676 -0.10082918842863864 -3.0304665340608636 -4.461489601842684 0.09484858810901642 0.1035962626338005 0.09868532419204712 17.356868743896484 0.8519477844238281 4418920086522618880 0.8313053379928658
229.03111726016266 -0.1009098653690282 0.871935071798096 45.86005440368828 0.01984786966133043 -1.9103388681141031 -2.6128092895691863 0.622765302658081 0.7597147822380066 0.6852632761001587 20.323299407958984 0.7481975555419922 4418920120882335744 0.989739242911879
229.0331754101322 -0.08926081910677647 0.8864937367138407 45.86614958900187 0.006249026419141869 -2.5765043959288514 -2.3210181353883548 0.19173847138881683 0.21207565069198608 0.1852477341890335 18.47696876525879 1.1103878021240234 4418920120882353152 0.9907917315212156
229.03287421319195 -0.08602781359629814 0.889712423320261 45.86849903014388 -0.06382554757130479 -4.537076925139177 -0.35460432956011206 1.0242323875427246 1.7267731428146362 1.7593579292297363 20.513778686523438 0.5202579498291016 4418920120882636800 0.10624136374092527
229.03155191684624 -0.09106049676272052 0.883013576566215 45.86619288651072 -0.3186811618395331 -1.1855844732798715 -1.6476152852808517 0.7995786666870117 0.9936731457710266 0.8462690114974976 20.47126579284668 0.9319038391113281 4418920120883980288 0.9820758033741877
229.02839702497948 -0.09534410712361471 0.8753988697275694 45.86576045683052 -1.6945991693005398 -2.1419168345263557 -4.194570138827202 1.0241591930389404 1.4273613691329956 1.699668288230896 20.499542236328125 0.6130237579345703 4418920125177556992 0.9999999997463025
229.0394671900283 -0.08301352015926268 0.8991928959660437 45.86550346968586 -0.05259170926486072 -3.659213733925881 -3.2817172694751346 0.6204864382743835 0.7104526162147522 0.632430911064148 20.246103286743164 0.4674510955810547 4418920155242103296 0.9818516305656517
229.04948240469105 -0.08095130456160682 0.9108655072633042 45.85930003396832 0.21922627942232933 -1.2772774202365604 -3.1504510201085334 0.5391097068786621 0.6371085047721863 0.6192538142204285 19.970727920532227 0.8431186676025391 4418920155242103808 0.9410616411647436
229.040163853015 -0.0824787111250628 0.9004289706331102 45.865328847616254 -0.5874008123976473 -2.3055793281304378 -4.382390648706841 0.8328613638877869 1.0169562101364136 0.8184977173805237 20.493915557861328 0.6550559997558594 4418920155243735040 0.9953396959790975
