scripts/hr24-oc.ecsv
# %ECSV 1.0
# ---
# datatype:
# - {name: Name, datatype: string}
# - {name: RAJ2000, unit: deg, datatype: float64}
# - {name: DEJ2000, unit: deg, datatype: float64}
# schema: astropy-2.0
Name RAJ2000 DEJ2000
[from data line 1304]
"Casado 19" 345.81654743 57.87232763
"Casado 20" 348.06008037 56.81781885
"Casado 21" 341.90798266 59.43921473
"Casado 82" 300.89777351 36.0224399
"Casado-Alessi 1" 13.35452333 49.54811287
"Chamaleon I" 167.11699924 -77.49945855
"Cmg 119" 88.41486114 -10.39355701
"Collinder 69" 83.81417628 9.88805505
"Collinder 74" 87.16847793 7.36764591
"Collinder 89" 94.70235482 23.16961561
"Collinder 95" 97.78343027 9.83902432
"Collinder 104" 99.18705652 4.71024285
"Collinder 106" 99.29525564 6.05024065
"Collinder 107" 99.62160316 4.63508593
"Collinder 110" 99.69735759 2.07287901
"Collinder 115" 101.66039323 1.78301894
"Collinder 132" 108.34615884 -30.97053197
"Collinder 135" 109.40553907 -36.92087657
"Collinder 140" 110.80240157 -32.01159004
"Collinder 185" 125.82685493 -36.35727134
"Collinder 197" 131.21522758 -41.2600674
"Collinder 205" 135.12447368 -48.98726627
"Collinder 213" 148.63210242 -50.89791991
"Collinder 220" 156.4225215 -57.9234578
"Collinder 228" 161.01084784 -60.09090285
"Collinder 236" 164.13371656 -61.09297849
"Collinder 261" 189.52659743 -68.38076034
"Collinder 268" 199.5437705 -67.08401503
"Collinder 269" 200.96410842 -66.19097902
"Collinder 271" 202.47314633 -64.20254763
"Collinder 272" 202.57475228 -61.33041666
"Collinder 277" 207.06480414 -66.05912886
"Collinder 292" 237.38049085 -57.59823688
"Collinder 302" 245.88771339 -26.52255707
"Collinder 307" 248.7925489 -50.98533604
"Collinder 333" 262.78758908 -33.99795544
"Collinder 338" 264.57985764 -37.63440311
"Collinder 347" 266.58085163 -29.34500866
"Collinder 350" 267.06496269 1.41761766
"Collinder 351" 267.43367743 -28.75372102
"Collinder 367" 272.45593272 -23.65170031
"Collinder 394" 283.05822368 -20.27190837
"Collinder 419" 304.52704462 40.72565135
"Collinder 421" 305.81699648 41.69492994
"Collinder 428" 315.74209814 44.49998764
"Collinder 463" 27.2855863 71.8038282
"Collinder 465" 106.72330589 -10.46563249
"Collinder 469" 274.14172121 -18.30720569
"Collinder 471" 332.56307101 73.03231822
"Czernik 1" 1.90735642 61.47938373
"Czernik 2" 10.94102298 60.19953663
"Czernik 3" 15.7769658 62.78479599
"Czernik 5" 28.91896097 61.35396042
"Czernik 6" 30.52870799 62.84020525
"Czernik 8" 38.24650756 58.76553937
"Czernik 9" 38.39419459 59.88243383
"Czernik 10" 38.47720647 60.17546576
"Czernik 12" 39.84886728 54.91819179
"Czernik 13" 41.115519 62.32121587
"Czernik 14" 49.26769455 58.61254037
"Czernik 15" 50.81789664 52.21760379
"Czernik 16" 52.76563877 52.61101288
"Czernik 17" 58.07538093 61.97230294
"Czernik 18" 66.95633941 30.93368795
"Czernik 19" 74.2738722 28.77003198
"Czernik 20" 80.1333187 39.54351931
"Czernik 21" 81.67558663 36.01833301
"Czernik 23" 87.52756915 28.89828294
"Czernik 24" 88.85241614 20.87710887
"Czernik 25" 93.43123055 6.95111114
"Czernik 26" 97.74606468 -4.17767756
"Czernik 27" 105.8331928 6.3832117
"Czernik 29" 112.09523505 -15.39938773
"Czernik 30" 112.79532982 -9.94609074
"Czernik 31" 114.24149126 -20.5220134
"Czernik 32" 117.61739695 -29.85344463
"Czernik 37" 268.31847667 -27.36555412
"Czernik 38" 282.4525841 4.96240739
"Czernik 40" 295.66156833 21.15493064
"Czernik 41" 297.76086778 25.28133795
"Czernik 42" 339.89337812 59.90810033
"Czernik 43" 351.41879987 61.35905467
"Czernik 44" 353.4329998 61.95534803
"DB2001 22" 310.64554774 42.93911438
"DBSB 3" 107.5500186 -18.43840003
"DBSB 6" 112.44198996 -19.19927179
"DBSB 7" 113.89169011 -18.76650235
"DBSB 9" 112.95667827 -19.38083972
"DBSB 19" 128.89860726 -40.6099213
"DBSB 21" 130.58766444 -40.73471877
"DBSB 36" 139.187646 -47.95042071
"DBSB 39" 141.12555289 -53.12596021
"DBSB 43" 150.94609943 -59.2257722
"DBSB 64" 170.97256766 -58.92044605
"DBSB 70" 177.12989436 -62.3174424
"DBSB 101" 242.61708132 -49.04044849
"DBSB 104" 255.96950907 -51.09238842
"DBSB 144" 243.02099737 -51.46465852
"DBSB 157" 243.07599857 -51.72116541
"DC 3" 111.75578533 -37.51793901
"DC 5" 159.99590819 -59.19477006
"DC 8" 92.3394567 31.22556973
"Danks 2" 198.22258276 -62.68008513
"Delta Cephei Cluster" 336.42386298 57.1572502
"Desvoivres 2" 99.97958081 6.03698268
"Dias 1" 10.63672002 64.05373251
"Dias 2" 92.2885163 4.57143207
"Dias 5" 274.37500485 -19.70749321
"Dias 6" 277.61470483 -12.33178382
"Djorg 1" 266.87589977 -33.07451821
"Dolidze 1" 302.36446436 36.49328763
"Dolidze 3" 303.87866634 36.83348703
"Dolidze 5" 305.03829567 39.33492264
"Dolidze 8" 306.12623723 42.28999102
"Dolidze 11" 306.69092445 41.37649343
"Dolidze 13" 12.32997281 64.19735491
"Dolidze 16" 78.59312615 32.76971765
"Dolidze 25" 101.26730196 0.22784927
"Dolidze 32" 280.24310584 -4.07938363
"Dolidze 33" 280.30278275 -4.37609522
"Dolidze 35" 291.37166943 11.63683287
"Dolidze 42" 304.90448658 38.09927831
"Dolidze 53" 296.59562977 24.61843568
"Dutra-Bica 51" 267.37514436 -31.2739296
"E 3" 140.24876138 -77.28415777
"ESO 064-05" 186.14843846 -68.43617226
"ESO 092-05" 150.789819 -64.75443606
"ESO 092-18" 153.73490864 -64.61269069
"ESO 092-92" 153.73969511 -64.61506222
"ESO 123-26" 118.14355905 -60.37587847
"ESO 130-06" 181.97504024 -59.30950607
"ESO 130-13" 185.77859453 -59.65661452
"ESO 134-12" 221.22633757 -59.1535143
"ESO 166-04" 137.62058795 -53.88620386
"ESO 211-03" 132.90045831 -50.25430197
"ESO 226-06" 246.05552037 -51.14227298
"ESO 261-03" 137.83136542 -47.02572041
"ESO 275-01" 238.78148659 -46.01076681
"ESO 311-21" 120.42794556 -41.59311835
"ESO 312-03" 126.12655275 -41.28999222
"ESO 312-04" 126.7213051 -41.25103179
"ESO 332-13" 254.05252282 -40.59734474
"ESO 332-22" 256.87826507 -40.84179213
"ESO 368-11" 116.08310484 -34.6298671
"ESO 368-14" 116.75094981 -32.96315518
"ESO 370-17" 127.9549523 -36.21057376
"ESO 371-25" 133.24746808 -35.47902771
"ESO 392-13" 261.6825316 -34.74404524
"ESO 393-15" 265.87728444 -34.21859831
"ESO 429-05" 114.25476681 -32.20295427
"ESO 429-429" 113.35328996 -28.18610877
"ESO 430-09" 120.59876401 -29.77650655
"ESO 430-18" 121.72626146 -30.87553666
"ESO 452-11" 249.85574296 -28.39919379
"ESO 494-09" 119.72571225 -27.67258635
"ESO 518-03" 251.77487783 -25.80631881
"ESO 521-38" 272.3991724 -24.54340896
"ESO 522-05" 273.18222959 -24.36273083
"ESO 559-13" 112.17786804 -20.80202052
"ESO 589-26" 270.56015792 -21.91794774
Eridanus 66.18435907 -21.18286553
"FSR 0031" 271.60871307 -21.40226666
"FSR 0069" 281.43442574 -10.51914482
"FSR 0087" 281.40522021 -3.60182997
"FSR 0088" 282.66112334 -4.18294874
"FSR 0111" 286.92362151 4.34428181
"FSR 0123" 287.91606989 12.04565189
"FSR 0133" 292.44735579 15.56009999
"FSR 0134" 291.12852869 16.88624079
"FSR 0154" 297.01139659 23.35257192
"FSR 0158" 296.98898152 26.04064773
"FSR 0165" 299.54471044 26.75070135
"FSR 0166" 303.40648993 25.43037696
"FSR 0167" 301.24929049 27.07968807
"FSR 0172" 300.00975737 29.21722012
"FSR 0174" 303.00318172 28.28347527
"FSR 0182" 297.95683578 33.51648206
"FSR 0195" 304.21955648 33.61960677
"FSR 0219" 303.74205943 41.19046033
"FSR 0222" 305.04896123 40.80722127
"FSR 0224" 306.33921375 40.21977672
"FSR 0227" 307.24968502 40.4855591
"FSR 0238" 308.70956207 41.47581609
"FSR 0239" 306.21308423 42.80083008
"FSR 0241" 300.76018606 46.19524814
"FSR 0248" 310.95352283 41.70004184
"FSR 0251" 310.00102133 42.96711285
"FSR 0258" 311.20613235 43.89479232
"FSR 0261" 313.4482968 43.10610605
"FSR 0270" 316.07120948 44.3421475
"FSR 0275" 314.16396444 46.89698682
"FSR 0276" 308.62088848 49.94904082
"FSR 0278" 307.76188331 51.01706388
"FSR 0282" 315.58103892 48.10474423
"FSR 0284" 314.13665841 49.35806175
"FSR 0288" 317.1138703 49.08997852
"FSR 0291" 319.07880304 48.3540699
"FSR 0295" 320.64640294 49.89817461
"FSR 0296" 320.97385714 49.92745532
"FSR 0306" 322.11917078 51.68954083
"FSR 0316" 325.2123831 52.30291804
"FSR 0320" 323.8399907 53.66205218
"FSR 0324" 324.05275587 53.85596958
"FSR 0325" 327.72030288 51.37601117
"FSR 0336" 327.70704034 55.23988774
"FSR 0342" 331.92542162 53.09411234
"FSR 0344" 330.43448453 54.80173179
"FSR 0357" 337.72144058 53.95137207
"FSR 0358" 332.56811549 58.78961612
"FSR 0366" 334.54867312 59.11771994
"FSR 0369" 334.13188853 60.79648629
"FSR 0379" 320.70638499 69.36114788
"FSR 0381" 340.55797741 58.34024545
"FSR 0384" 342.91280978 56.1025267
"FSR 0385" 340.61947582 58.93142756
"FSR 0394" 343.81349372 58.71060833
"FSR 0398" 339.12669483 64.16053128
"FSR 0401" 345.24217587 59.6969721
"FSR 0416" 345.47792502 63.00458384
"FSR 0417" 348.49378154 59.81248974
"FSR 0430" 348.86940079 64.1651351
"FSR 0435" 352.88174524 59.78019362
"FSR 0441" 355.50789608 58.54252614
"FSR 0442" 352.49371461 63.44725128
"FSR 0443" 355.88447839 59.07770208
"FSR 0448" 356.8063811 60.89695952
"FSR 0451" 357.7901482 60.85099319
"FSR 0460" 359.76209497 60.69059589
"FSR 0465" 357.75148833 66.18378803
"FSR 0480" 3.77471205 61.50923635
"FSR 0494" 6.3959935 63.75551362
"FSR 0496" 6.57854305 63.99421355
"FSR 0498" 7.30251028 62.39816635
"FSR 0505" 10.0602172 61.57441302
"FSR 0508" 10.47030372 64.9565464
"FSR 0519" 13.16070022 64.61671481
"FSR 0522" 13.37808179 65.79510055
"FSR 0524" 14.31780217 62.12098582
"FSR 0534" 19.35303988 61.29159515
"FSR 0536" 19.93717104 63.05790171
"FSR 0537" 19.69998503 60.36088603
"FSR 0542" 21.4594266 62.99400346
"FSR 0551" 24.95409119 64.86765172
"FSR 0553" 25.21813238 64.50629389
"FSR 0558" 30.14727714 67.7917117
"FSR 0569" 37.81756345 72.46688259
"FSR 0591" 36.92544868 58.77126936
"FSR 0596" 37.48332592 58.1227238
"FSR 0604" 44.68655515 63.57505829
"FSR 0632" 53.01310909 59.13251523
"FSR 0634" 55.08666317 59.41689548
"FSR 0647" 59.80598671 57.23547182
"FSR 0665" 61.30103359 51.51508231
"FSR 0667" 61.77693711 51.14963997
"FSR 0674" 63.10579461 48.72616638
"FSR 0683" 77.17376211 53.21340314
"FSR 0686" 66.39671358 46.13096786
"FSR 0687" 69.83292508 48.20684584
"FSR 0702" 72.91943535 45.77618584
"FSR 0716" 77.79319062 45.72307987
"FSR 0717" 71.5041502 42.15820156
"FSR 0723" 71.23340614 41.51933626
"FSR 0728" 67.46199435 38.49824905
"FSR 0732" 75.63112523 42.54514167
"FSR 0734" 75.84963356 42.39104129
"FSR 0735" 73.47146756 40.85799805
"FSR 0744" 74.85045659 37.97873421
"FSR 0761" 83.33310512 39.83449368
"FSR 0771" 75.92105329 32.14532596
"FSR 0811" 94.11304637 36.36430182
"FSR 0812" 84.54762686 31.73407198
"FSR 0814" 84.20885077 31.20805451
"FSR 0817" 84.85992283 30.89024937
"FSR 0826" 85.72631408 28.94980104
"FSR 0827" 91.07452755 31.60716532
"FSR 0833" 91.31454173 30.80259992
"FSR 0841" 76.58262128 21.52540343
"FSR 0850" 86.24077232 24.745201
"FSR 0852" 88.33495988 25.03318882
"FSR 0866" 103.83566748 29.74097459
"FSR 0869" 92.52098478 24.56541744
"FSR 0874" 85.2852002 20.32335601
"FSR 0883" 91.08123197 22.03061425
"FSR 0893" 93.39873022 21.60188631
"FSR 0894" 91.1337432 20.28154672
"FSR 0902" 94.57762982 20.56213963
"FSR 0903" 91.87422975 19.09309465
"FSR 0904" 91.76965542 19.01366792
"FSR 0905" 98.43096044 22.31307514
"FSR 0921" 91.29302066 16.68821448
"FSR 0923" 92.6474551 16.97365299
"FSR 0929" 96.39342492 17.70880708
"FSR 0931" 93.37873568 15.9404654
"FSR 0932" 91.09408935 14.57549077
"FSR 0935" 98.78405442 17.7364675
"FSR 0937" 93.41894346 14.99690331
"FSR 0939" 92.73582181 14.39662336
"FSR 0941" 95.43182365 15.76656872
"FSR 0942" 91.50603523 13.66999942
"FSR 0948" 96.48316795 15.85541557
"FSR 0951" 95.54360491 14.65764314
"FSR 0953" 94.75944 14.1459915
"FSR 0968" 92.83510698 11.86911063
"FSR 0974" 98.15033129 12.55628031
"FSR 0975" 100.00588328 13.31110374
"FSR 0977" 97.96787716 11.86795422
"FSR 0979" 97.82274839 11.08208048
"FSR 0985" 92.95218214 7.02082097
"FSR 0999" 100.95186562 9.4757988
"FSR 1017" 82.96879158 -3.03508934
"FSR 1032" 99.07215721 4.01065891
"FSR 1051" 103.04845229 3.65257465
"FSR 1063" 98.65504099 -0.26745335
"FSR 1077" 100.47069408 -0.88924263
"FSR 1083" 110.51647848 3.5562762
"FSR 1085" 103.29627814 -0.19729689
"FSR 1113" 107.29548563 -1.50548544
"FSR 1115" 92.05649843 -9.57963333
"FSR 1117" 94.1592841 -8.96830265
"FSR 1125" 102.61685249 -5.44172419
"FSR 1129" 104.71189233 -4.85301218
"FSR 1144" 104.30221876 -6.6262967
"FSR 1149" 106.06663119 -6.44575963
"FSR 1150" 106.15096964 -6.61578649
"FSR 1153" 108.58810382 -5.66287573
"FSR 1163" 104.81019795 -9.08420944
"FSR 1170" 106.87202711 -8.87166815
"FSR 1171" 105.06104367 -10.32154527
"FSR 1172" 103.90388757 -11.03133446
"FSR 1173" 107.18848864 -9.42220483
"FSR 1178" 106.36435214 -10.68654623
"FSR 1180" 108.91359178 -9.44327981
"FSR 1183" 108.35390886 -9.89106479
"FSR 1185" 104.86891763 -11.98162586
"FSR 1197" 103.59060987 -13.74757623
"FSR 1202" 106.91276413 -12.81753541
"FSR 1207" 106.87714992 -13.32879571
"FSR 1209" 106.78825557 -13.82527965
"FSR 1211" 115.33779351 -9.61713644
"FSR 1212" 106.94388751 -14.15059161
"FSR 1234" 112.78364796 -15.43733392
"FSR 1252" 110.65161298 -18.70120675
"FSR 1253" 111.56922725 -18.43650803
"FSR 1260" 112.08132165 -19.67400213
"FSR 1275" 112.01974127 -21.77062733
"FSR 1284" 109.99176542 -24.53838059
"FSR 1298" 118.37166734 -22.43099354
"FSR 1335" 123.01474016 -28.98107908
"FSR 1342" 119.48678918 -31.51353902
"FSR 1347" 117.02748931 -33.71467265
"FSR 1352" 116.6021421 -34.291103
"FSR 1360" 120.40009818 -34.48085022
"FSR 1361" 117.65718174 -36.39727572
"FSR 1363" 122.67101094 -34.6156709
"FSR 1378" 120.31114124 -40.68100491
"FSR 1380" 122.77010801 -39.99481421
"FSR 1382" 130.64790414 -35.81651242
"FSR 1399" 131.04030817 -39.35492493
"FSR 1402" 136.44313883 -37.87514172
"FSR 1406" 129.58081768 -42.36090466
"FSR 1407" 142.44567491 -33.84766594
"FSR 1411" 128.67374735 -43.95389232
"FSR 1418" 131.85334717 -43.91970204
"FSR 1419" 124.71450755 -47.78331218
"FSR 1421" 134.45063584 -42.6562819
"FSR 1424" 132.69121714 -43.84473369
"FSR 1430" 132.97614819 -44.27653458
"FSR 1435" 134.26073529 -43.75703633
"FSR 1441" 129.88469205 -47.09562881
"FSR 1443" 129.85285362 -47.35319435
"FSR 1452" 133.32815941 -47.8551214
"FSR 1460" 136.9077332 -47.82396577
"FSR 1478" 134.93157049 -52.70975319
"FSR 1484" 142.44657489 -50.69963557
"FSR 1496" 145.73522931 -52.11859734
"FSR 1500" 144.41300635 -53.96517781
"FSR 1521" 148.83031993 -56.61746391
"FSR 1527" 151.65315624 -57.42709009
"FSR 1530" 152.24196404 -57.28183629
"FSR 1586" 170.67515388 -62.31559086
"FSR 1591" 174.2579292 -62.73720614
"FSR 1595" 176.76844167 -62.63627062
"FSR 1621" 189.81684114 -57.40489906
"FSR 1645" 200.32581876 -61.9885468
"FSR 1663" 205.23927469 -60.20535393
"FSR 1666" 207.19560942 -61.43351591
"FSR 1668" 208.80076506 -61.67722081
"FSR 1694" 228.72967013 -62.77845773
"FSR 1698" 230.23341016 -59.62171016
"FSR 1700" 234.69393407 -59.26407242
"FSR 1703" 235.37044975 -54.97472871
"FSR 1716" 242.60733776 -53.73845143
"FSR 1725" 247.67124637 -50.13143031
"FSR 1744" 252.97337169 -42.40853489
"FSR 1750" 255.52013141 -38.8791165
"FSR 1758" 262.80264886 -39.83583254
"Feibelman 1" 304.42104902 38.03009011
"Feinstein 1" 166.29359273 -59.72938619
"Ferrero 1" 275.02821362 -32.35056497
"Ferrero 11" 93.65885711 0.65220041
"Ferrero 17" 77.18618252 17.98686198
"Gaia 1" 101.46653729 -16.73987206
"Gaia 2" 28.129182 53.04925648
"Gaia 6" 122.10821262 -23.69873785
"Gaia 8" 282.54314014 33.39282363
"Gran 3" 278.11414859 -23.1122733
"Gran 4" 256.26196425 -35.48443524
"Gulliver 2" 122.89460188 -37.39325616
"Gulliver 3" 122.53263973 -37.24835149
"Gulliver 4" 122.17049775 -37.50469721
"Gulliver 5" 132.57085525 -45.51903705
"Gulliver 7" 141.75659024 -55.12458952
"Gulliver 9" 127.20387396 -47.92490661
"Gulliver 10" 123.13413994 -38.71167269
"Gulliver 11" 68.00945959 43.61268083
"Gulliver 12" 181.17004098 -61.31241975
"Gulliver 13" 104.87745528 -13.24935955
"Gulliver 14" 259.94560258 -36.70777429
"Gulliver 15" 272.59805427 -16.72264169
"Gulliver 17" 302.6543355 35.86693518
"Gulliver 18" 302.90349973 26.54097419
"Gulliver 19" 344.17036053 61.10605344
"Gulliver 20" 273.83972565 11.43775178
"Gulliver 21" 106.88737418 -25.50922818
"Gulliver 22" 84.82419076 26.34502001
"Gulliver 23" 304.26298115 38.04956116
"Gulliver 24" 1.14029519 62.83642111
"Gulliver 25" 51.99521516 45.1793841
"Gulliver 26" 80.68819706 35.27439393
"Gulliver 28" 293.65424523 18.16389907
"Gulliver 30" 313.68192037 45.99840909
"Gulliver 31" 301.88506953 38.24687229
"Gulliver 32" 98.38361845 7.46585503
"Gulliver 33" 318.23305193 46.36568758
