scripts/hr24-oc.ecsv
# %ECSV 1.0
# ---
# datatype:
# - {name: Name, datatype: string}
# - {name: RAJ2000, unit: deg, datatype: float64}
# - {name: DEJ2000, unit: deg, datatype: float64}
# schema: astropy-2.0
Name RAJ2000 DEJ2000
[from data line 2195]
"HSC 551" 289.66903154 37.3319885
"HSC 552" 280.49893044 40.46436627
"HSC 553" 296.07417568 34.90241141
"HSC 554" 300.23962201 32.94515493
"HSC 555" 297.44553586 34.3552062
"HSC 557" 301.3665092 32.71123681
"HSC 558" 287.87234735 38.80934537
"HSC 560" 295.89352016 35.83954226
"HSC 561" 303.41918225 32.48443302
"HSC 562" 306.83256941 30.6259894
"HSC 563" 296.28698472 36.50006599
"HSC 564" 295.62035547 37.09491842
"HSC 565" 278.95089355 42.84138653
"HSC 566" 299.70396902 35.5290567
"HSC 567" 299.02161813 35.98541795
"HSC 568" 299.20204325 36.12789648
"HSC 569" 289.34304184 40.61551245
"HSC 570" 285.41597857 42.07868629
"HSC 571" 304.16996785 34.43270842
"HSC 572" 290.68210158 40.62193951
"HSC 573" 303.63209021 34.78893063
"HSC 574" 301.24370223 36.0602038
"HSC 575" 325.56787852 19.09883335
"HSC 576" 311.27961353 30.42512754
"HSC 579" 302.3108377 36.06401403
"HSC 580" 305.52397067 34.38180207
"HSC 581" 296.75067805 38.91139451
"HSC 582" 300.10640981 37.41085306
"HSC 583" 302.77563791 36.15291651
"HSC 584" 301.53277088 36.90595162
"HSC 585" 305.82238857 34.58431323
"HSC 586" 305.3526146 35.45102279
"HSC 588" 302.72888666 37.29254762
"HSC 589" 303.27484742 37.78808695
"HSC 590" 263.20836324 48.63573254
"HSC 591" 302.74493584 38.25166958
"HSC 592" 298.66656815 40.25270963
"HSC 593" 302.12799947 38.62421256
"HSC 594" 281.25467391 46.12301837
"HSC 595" 306.59259764 36.44907309
"HSC 598" 335.21648639 13.20897655
"HSC 599" 304.72129485 38.18791398
"HSC 600" 311.71057191 34.37327007
"HSC 601" 305.07430618 38.46070664
"HSC 602" 304.95301918 38.69960458
"HSC 603" 299.01009013 41.60476953
"HSC 604" 306.77514483 37.79247633
"HSC 606" 320.83698102 28.13582167
"HSC 607" 306.26616447 38.35815278
"HSC 609" 302.33503697 41.10148815
"HSC 611" 304.62609591 40.21607841
"HSC 612" 311.19645335 36.73965681
"HSC 613" 312.33743168 36.26069361
"HSC 614" 302.60942797 41.75202712
"HSC 615" 308.76907705 38.47985594
"HSC 616" 308.59700518 38.9000367
"HSC 617" 312.49609892 36.57065341
"HSC 618" 306.74476938 40.05275085
"HSC 619" 306.58502463 40.23504713
"HSC 620" 306.30481814 40.40412685
"HSC 622" 307.86349415 40.73155298
"HSC 623" 318.12067675 34.24170785
"HSC 624" 307.28446269 41.2637349
"HSC 625" 308.19771946 40.83775174
"HSC 626" 306.69065093 41.66886945
"HSC 627" 310.50209439 39.67037873
"HSC 628" 309.39748829 40.35115432
"HSC 629" 303.724971 43.39404399
"HSC 630" 307.71007504 41.44863244
"HSC 631" 311.03170369 39.6956887
"HSC 632" 306.6804744 42.66121827
"HSC 633" 307.3753618 42.39364395
"HSC 635" 317.77645188 36.27867943
"HSC 636" 312.13045613 40.19343287
"HSC 637" 311.77312572 40.58418347
"HSC 638" 310.35651322 41.66463292
"HSC 639" 312.40921206 40.46089935
"HSC 640" 309.77386589 42.12040166
"HSC 641" 295.84965056 48.90737567
"HSC 643" 312.70691705 41.71977499
"HSC 644" 310.46241105 43.39877298
"HSC 645" 307.13507225 45.18770493
"HSC 647" 312.046222 42.9656801
"HSC 648" 311.72677938 43.41877066
"HSC 649" 313.84289662 42.14202751
"HSC 650" 307.44995021 45.86457844
"HSC 651" 319.62184676 38.3995778
"HSC 652" 311.14050331 44.01447561
"HSC 653" 311.5374495 43.84128165
"HSC 654" 311.60685248 43.89964952
"HSC 655" 309.38965339 45.19026625
"HSC 656" 308.71536139 45.7906452
"HSC 657" 306.68821809 46.82468733
"HSC 658" 310.21492982 45.15302694
"HSC 659" 311.23464571 44.62103229
"HSC 660" 310.90156077 44.91770371
"HSC 661" 317.59430028 40.79021054
"HSC 662" 314.06207305 43.12674054
"HSC 663" 307.67588448 46.74278889
"HSC 665" 310.59558997 45.49431275
"HSC 667" 311.54847871 45.26465839
"HSC 669" 309.90635919 46.35212414
"HSC 672" 307.37460191 49.05223812
"HSC 673" 312.42481255 46.63638871
"HSC 674" 314.15620025 45.6799651
"HSC 675" 315.71082423 44.76375668
"HSC 677" 318.9450385 42.69201614
"HSC 679" 311.20324047 47.59638314
"HSC 680" 311.52258001 47.49385099
"HSC 681" 310.25424503 48.20630967
"HSC 682" 313.11515506 46.93033066
"HSC 683" 333.42419672 30.30405885
"HSC 684" 320.5445601 42.3500246
"HSC 686" 330.30505825 34.3187976
"HSC 687" 314.58173169 46.81156653
"HSC 688" 217.19819293 48.1117534
"HSC 689" 321.57024784 42.48322066
"HSC 691" 324.40671867 40.39469079
"HSC 692" 314.36126093 47.56917069
"HSC 693" 314.68320848 47.5384246
"HSC 694" 320.05775655 44.4273129
"HSC 695" 242.13900867 57.38480972
"HSC 696" 322.82306562 42.5447095
"HSC 697" 317.5180359 46.45768954
"HSC 698" 316.50511289 47.45927415
"HSC 699" 324.53916513 41.83170753
"HSC 700" 312.65422217 50.07329065
"HSC 701" 219.71761871 50.65995185
"HSC 702" 308.16051481 52.65719881
"HSC 703" 322.86300056 44.08695607
"HSC 704" 301.8747985 55.32558104
"HSC 705" 325.99058229 41.96761114
"HSC 706" 314.31951628 50.04115965
"HSC 707" 303.64871523 54.83805955
"HSC 708" 320.75299629 46.25974675
"HSC 709" 316.14972992 49.48851493
"HSC 710" 316.78953073 49.1194662
"HSC 711" 290.54638546 58.87125328
"HSC 712" 318.36142884 48.24414742
"HSC 713" 315.92497054 49.86810298
"HSC 714" 318.56524068 48.64319044
"HSC 715" 314.491108 51.0269421
"HSC 717" 324.77507247 44.34789613
"HSC 718" 318.92712372 48.54227106
"HSC 719" 317.42762553 49.62523853
"HSC 720" 311.39465342 52.98690394
"HSC 721" 317.89943283 49.91119286
"HSC 722" 355.06168162 3.77077639
"HSC 723" 316.74586719 51.15991077
"HSC 724" 317.13159131 51.05374147
"HSC 725" 326.45528551 44.62893256
"HSC 726" 318.1790168 50.59614743
"HSC 727" 285.52001341 61.38158559
"HSC 728" 322.60343813 47.84790111
"HSC 729" 309.24485008 55.32904142
"HSC 730" 318.05111494 51.78265428
"HSC 731" 324.51510609 47.57621157
"HSC 732" 320.73881658 50.26634697
"HSC 734" 327.73123904 45.47907481
"HSC 735" 326.9889955 47.86330513
"HSC 736" 333.00547185 42.66377735
"HSC 737" 308.87432825 58.3892506
"HSC 738" 317.06830004 54.8215901
"HSC 739" 323.26207064 51.30683498
"HSC 740" 321.23657687 52.81150132
"HSC 741" 316.45958126 55.5378958
"HSC 742" 308.26235457 59.70836362
"HSC 743" 316.7561062 56.14305401
"HSC 744" 294.67688791 63.34558372
"HSC 745" 336.6763762 40.57954003
"HSC 746" 326.88076768 50.32441673
"HSC 747" 345.79711256 28.69399934
"HSC 748" 324.06129078 52.99244578
"HSC 749" 358.47027089 3.45550369
"HSC 750" 330.95871989 48.19266606
"HSC 751" 327.79394404 50.9213246
"HSC 752" 318.60730884 56.85135995
"HSC 754" 320.80101367 56.04675929
"HSC 757" 318.02033963 58.00906444
"HSC 758" 323.98321423 55.1171061
"HSC 759" 225.1466823 59.38615478
"HSC 760" 325.81573347 54.02582627
"HSC 761" 333.04949824 48.18995418
"HSC 762" 327.96268395 52.7393901
"HSC 763" 323.98316596 55.9256071
"HSC 764" 318.61431383 59.24643277
"HSC 765" 329.36203196 52.69845048
"HSC 766" 329.26269392 52.84840393
"HSC 767" 322.68545073 57.39628117
"HSC 768" 331.35296208 51.40262772
"HSC 769" 325.63298102 55.73775343
"HSC 770" 325.25738039 56.05423871
"HSC 771" 322.47165739 57.79231718
"HSC 772" 326.51847189 55.59265553
"HSC 773" 327.57506084 54.87559949
"HSC 774" 323.60327262 57.50739377
"HSC 776" 327.7326383 55.24123159
"HSC 777" 332.49596733 51.93961799
"HSC 778" 349.3976786 29.79495259
"HSC 779" 332.63441987 52.59420395
"HSC 780" 229.39008194 63.60690804
"HSC 781" 311.32540314 64.83236072
"HSC 782" 284.83942366 69.61145656
"HSC 784" 321.66304087 60.87629369
"HSC 785" 330.36099989 55.70714836
"HSC 786" 322.4632644 61.57925471
"HSC 787" 331.27461677 56.33330025
"HSC 788" 331.35437136 57.06827631
"HSC 789" 329.12234958 58.91030116
"HSC 790" 329.30531129 59.08605153
"HSC 791" 336.64577959 53.50342757
"HSC 792" 332.66417461 57.25339074
"HSC 793" 334.89978003 55.76379941
"HSC 794" 333.16427542 57.26200773
"HSC 795" 343.72682179 46.09984043
"HSC 796" 332.59212395 57.76507401
"HSC 797" 334.83071545 55.98337883
"HSC 798" 338.88927405 52.20470082
"HSC 800" 337.89019009 53.53184612
"HSC 801" 340.36192053 50.90936157
"HSC 802" 346.44549723 42.65169135
"HSC 803" 332.19846318 58.58986186
"HSC 804" 338.28283372 53.37749299
"HSC 805" 339.00675722 52.85557742
"HSC 806" 333.13163267 58.31557512
"HSC 807" 336.73138049 55.63961234
"HSC 808" 308.0803259 69.52556272
"HSC 809" 338.3744479 54.57795196
"HSC 810" 349.08217034 40.32197095
"HSC 811" 328.41391107 62.64878523
"HSC 812" 345.6534608 46.61713253
"HSC 813" 331.58111231 61.17394713
"HSC 814" 322.12720574 66.44632688
"HSC 815" 333.51035608 60.39842537
"HSC 816" 333.50104503 60.5757188
"HSC 817" 341.07738093 53.91624205
"HSC 818" 337.01919002 58.16539821
"HSC 820" 203.67093994 49.15507083
"HSC 821" 338.2483162 57.31896874
"HSC 823" 333.4348916 61.40988459
"HSC 824" 333.9336052 61.78915548
"HSC 825" 348.58922229 46.104935
"HSC 826" 341.4288297 56.32978452
"HSC 828" 342.3505978 55.65959631
"HSC 829" 342.98722926 55.23848652
"HSC 830" 345.56620679 52.62738906
"HSC 831" 339.91587044 58.98580261
"HSC 832" 338.94669907 60.00674928
"HSC 833" 342.53559606 57.17243332
"HSC 835" 337.82825021 62.00071793
"HSC 836" 341.42900521 59.30436596
"HSC 837" 343.05740539 58.03644063
"HSC 838" 342.51658994 58.82683082
"HSC 839" 344.38465884 56.82018292
"HSC 841" 335.95398523 64.54805518
"HSC 842" 349.04793266 50.88593286
"HSC 844" 345.22162302 56.68395687
"HSC 845" 343.18605667 59.15665181
"HSC 846" 347.65772481 54.4066804
"HSC 848" 356.71692324 35.94293671
"HSC 849" 344.21511222 58.78022315
"HSC 852" 342.9480619 60.38977038
"HSC 853" 337.37207516 65.1871646
"HSC 854" 346.83113794 56.82684681
"HSC 855" 344.22141627 60.03519596
"HSC 856" 346.35302549 57.82377955
"HSC 857" 340.23437059 64.13658153
"HSC 858" 344.54195526 60.20841129
"HSC 859" 354.86548737 43.82702548
"HSC 860" 345.34058533 59.75869105
"HSC 861" 336.4522347 67.25871295
"HSC 862" 342.75740347 62.5102489
"HSC 863" 340.90831824 64.19444661
"HSC 864" 340.69950803 64.82829088
"HSC 865" 353.78938739 47.48166863
"HSC 866" 345.66868846 60.29832195
"HSC 867" 200.84411885 49.7419768
"HSC 868" 343.46090879 62.81902969
"HSC 869" 345.17481972 61.3128542
"HSC 870" 344.03363789 62.6179645
"HSC 872" 345.22748388 61.60675883
"HSC 873" 345.06262715 61.99739399
"HSC 875" 348.36070897 59.34879344
"HSC 876" 322.24727482 75.08814669
"HSC 877" 347.64453333 61.13927854
"HSC 878" 348.31348909 60.35965666
"HSC 879" 347.92960361 60.85754296
"HSC 880" 348.75360051 59.99886976
"HSC 881" 347.99554598 61.08112647
"HSC 882" 349.2660807 59.79596965
"HSC 883" 356.61765211 46.38517753
"HSC 884" 348.27971279 61.71191539
"HSC 885" 350.85066887 58.69061868
"HSC 886" 356.93288557 46.77054179
"HSC 887" 343.40624131 67.02577708
"HSC 888" 349.61390961 60.69589018
"HSC 889" 344.45817814 66.26814197
"HSC 890" 351.96493521 57.66290275
"HSC 891" 337.18848884 71.28303641
"HSC 892" 347.83163013 63.27874524
"HSC 893" 352.03612514 57.71716335
"HSC 894" 324.05702801 76.35822113
"HSC 895" 353.16165078 56.67428082
"HSC 896" 352.32082122 58.2019328
"HSC 897" 343.0848251 68.64003722
"HSC 898" 347.77659781 65.14463344
"HSC 899" 352.42247497 59.65566546
"HSC 900" 353.78080469 58.60792934
"HSC 901" 348.53988787 65.66437749
"HSC 903" 351.73817593 62.07016289
"HSC 905" 353.43823332 60.04007286
"HSC 906" 200.95107255 55.70816654
"HSC 907" 352.45950271 62.56738689
"HSC 908" 11.76090187 -20.7910388
"HSC 910" 354.81807255 59.33167243
"HSC 911" 2.41002555 38.02471569
"HSC 912" 349.71529297 66.64630525
"HSC 913" 352.23162176 64.46816495
"HSC 914" 353.72550718 63.37182831
"HSC 915" 348.91148166 69.8461133
"HSC 916" 349.32581117 69.50737501
"HSC 917" 354.63762858 63.49142372
"HSC 919" 356.51626905 62.27646979
"HSC 920" 356.33981363 62.79345519
"HSC 921" 5.5135678 30.87952658
"HSC 922" 358.77200627 59.71261511
"HSC 923" 357.26581888 63.3967119
"HSC 924" 0.28568541 58.61733144
"HSC 925" 354.76965812 68.71780531
"HSC 926" 359.99235081 59.75364684
"HSC 927" 353.82823215 70.08998518
"HSC 929" 359.49361316 61.3430772
"HSC 930" 359.84835794 60.79592935
"HSC 931" 359.76115419 61.36984939
"HSC 932" 0.05450046 61.06519101
"HSC 934" 359.89722631 62.44023191
"HSC 935" 359.65681396 63.20733241
"HSC 936" 356.83065402 68.25153318
"HSC 937" 359.49175897 63.79172391
"HSC 938" 359.97828438 63.86418661
"HSC 939" 7.28987023 33.45505578
"HSC 940" 358.71405414 69.2832548
"HSC 941" 2.52834864 61.35774088
"HSC 942" 3.53210774 59.94911308
"HSC 943" 2.07018387 64.55060468
"HSC 944" 2.82693514 62.79879202
"HSC 945" 359.63740512 69.97334629
"HSC 946" 2.42815875 65.34098846
"HSC 947" 4.22998694 62.83538922
"HSC 948" 5.73245085 58.34471819
"HSC 949" 3.69321621 67.34511664
"HSC 950" 4.10646804 66.6031086
"HSC 951" 4.54125037 65.82627429
"HSC 952" 7.83159199 50.0584405
"HSC 954" 6.00081813 64.71922193
"HSC 955" 5.03526335 69.23097024
"HSC 956" 325.81444368 86.58321854
"HSC 957" 8.87753083 49.44014703
"HSC 958" 5.70040852 68.32781354
"HSC 959" 6.08334564 67.22359858
"HSC 960" 8.23806388 58.36278476
"HSC 961" 8.08030775 59.67244125
"HSC 962" 8.1924616 60.02753863
"HSC 964" 8.43799667 63.17485307
"HSC 965" 9.11183082 59.19612226
"HSC 966" 8.97500349 61.365882
"HSC 969" 9.99047267 58.33814087
"HSC 970" 9.82336393 62.34941838
"HSC 973" 11.10481439 55.20407892
"HSC 974" 10.29672336 66.93058065
"HSC 975" 11.1619429 63.80474686
"HSC 976" 9.9995626 79.31976132
"HSC 977" 11.80540954 60.10275857
"HSC 978" 11.87104383 61.2897248
"HSC 979" 12.52443023 40.89124541
"HSC 980" 12.86331038 62.97228938
"HSC 981" 13.01529098 60.83024487
"HSC 983" 13.58995968 59.86267703
"HSC 984" 14.01437691 68.58347391
"HSC 985" 13.83639887 59.38049947
"HSC 986" 14.03627832 47.37038149
"HSC 988" 15.30538585 65.18644747
"HSC 990" 16.05737038 67.40699072
"HSC 991" 15.65606886 59.79768405
"HSC 992" 16.03235065 63.03498342
"HSC 993" 16.47835615 63.00219283
"HSC 994" 16.40387974 58.99639166
"HSC 995" 16.40516516 58.50251066
"HSC 996" 17.38945722 64.60456731
"HSC 997" 17.80238632 65.22631571
"HSC 998" 15.84606881 45.86565236
"HSC 999" 17.06797309 57.48535717
"HSC 1000" 18.39949842 63.75893536
"HSC 1001" 17.61207055 57.7303163
"HSC 1002" 16.04455933 40.48389476
"HSC 1003" 19.16834172 64.84008171
"HSC 1004" 18.44002443 61.24706931
"HSC 1005" 18.42055578 60.97099563
"HSC 1006" 19.19516381 64.11914069
"HSC 1007" 20.031394 66.86905781
"HSC 1008" 20.89743794 66.9758447
"HSC 1010" 20.6262548 65.89935726
"HSC 1011" 19.55723212 61.17922331
"HSC 1012" 20.16567164 63.3391126
"HSC 1013" 20.89626519 65.43109943
"HSC 1014" 20.18766351 62.51007304
"HSC 1015" 24.6749631 71.80843408
"HSC 1016" 19.30451149 54.12996516
"HSC 1018" 23.33880132 66.91804655
"HSC 1019" 21.90537253 62.71105808
"HSC 1020" 18.97490423 48.66905474
"HSC 1021" 20.67410638 57.22068421
"HSC 1022" 21.47753342 59.73387432
"HSC 1025" 23.67810178 61.89421751
"HSC 1026" 23.77324554 61.72655121
"HSC 1027" 28.7932726 71.08356103
"HSC 1028" 25.30079057 64.27562735
"HSC 1029" 20.85566402 48.99880064
"HSC 1030" 25.589061 64.61346304
"HSC 1031" 24.56873518 61.5659484
"HSC 1032" 24.49748437 60.96078716
"HSC 1033" 26.3019309 65.01841112
"HSC 1034" 25.89145243 63.17169118
"HSC 1036" 25.14992676 60.90776607
"HSC 1037" 25.69447363 62.00817253
"HSC 1039" 26.63749388 63.58693125
"HSC 1040" 29.64244296 68.09229328
"HSC 1041" 28.17116936 65.38646358
"HSC 1042" 26.13146951 61.29954244
"HSC 1043" 24.82436233 57.42893924
"HSC 1047" 90.94446346 83.62668322
"HSC 1049" 28.75429138 63.55814906
"HSC 1052" 35.52665475 71.31354201
"HSC 1053" 28.77277524 62.41402174
"HSC 1054" 23.94410434 49.146259
"HSC 1055" 26.17854017 56.10889302
"HSC 1056" 25.22839778 52.93590562
"HSC 1057" 30.7202038 64.42014701
"HSC 1058" 22.9261731 43.72579092
"HSC 1059" 30.47280159 63.63208264
"HSC 1060" 29.49599779 61.93786457
"HSC 1061" 29.59401938 62.07843462
"HSC 1062" 38.90739111 72.29706903
"HSC 1063" 29.17470336 60.77349631
"HSC 1064" 32.32865208 65.01316541
"HSC 1065" 29.59944146 59.63539686
"HSC 1066" 30.64108955 61.47025077
"HSC 1067" 33.36748587 65.44720478
"HSC 1068" 37.04871591 68.95978623
"HSC 1069" 30.28459111 60.25257071
"HSC 1070" 33.43807873 64.89265535
"HSC 1071" 33.22810884 64.31872858
"HSC 1072" 28.35298435 55.58491813
"HSC 1073" 30.08347862 59.15288683
"HSC 1074" 35.61310304 66.64088671
"HSC 1076" 40.43925468 70.42951923
"HSC 1077" 179.22098394 64.35810408
"HSC 1078" 31.27614902 57.76805451
"HSC 1080" 32.57807018 59.37905832
"HSC 1081" 32.32363016 58.71738964
"HSC 1082" 44.38366528 70.98396899
