scripts/hr24-oc.ecsv
# %ECSV 1.0
# ---
# datatype:
# - {name: Name, datatype: string}
# - {name: RAJ2000, unit: deg, datatype: float64}
# - {name: DEJ2000, unit: deg, datatype: float64}
# schema: astropy-2.0
Name RAJ2000 DEJ2000
[from data line 1739]
"Gulliver 35" 150.3793947 -58.20612049
"Gulliver 36" 123.15603231 -35.09680977
"Gulliver 37" 292.07419896 25.35755037
"Gulliver 38" 300.80521885 34.43482282
"Gulliver 39" 163.70300129 -58.04832615
"Gulliver 40" 163.05281204 -58.3850348
"Gulliver 42" 303.92567238 37.84452188
"Gulliver 43" 296.27889698 24.59555408
"Gulliver 44" 127.27884044 -38.11390178
"Gulliver 45" 104.62076022 3.09045429
"Gulliver 47" 107.92008692 0.80468239
"Gulliver 48" 316.30415676 50.74061951
"Gulliver 49" 350.68347279 61.96406971
"Gulliver 50" 181.36124294 -62.68647347
"Gulliver 51" 30.33154031 63.79603195
"Gulliver 52" 161.60710192 -59.48522792
"Gulliver 53" 81.00861221 34.04995412
"Gulliver 54" 81.27197513 33.67777218
"Gulliver 55" 297.83046025 18.67501344
"Gulliver 56" 95.39233775 26.90073437
"Gulliver 57" 141.20121044 -48.06380178
"Gulliver 58" 191.53541548 -61.96352879
"Gulliver 59" 195.71793852 -64.60738986
"Gulliver 60" 303.44542144 29.66024336
"HD 226540 Group" 298.79146571 33.49971607
"HSC 1" 289.60934019 -38.03488766
"HSC 2" 268.62743373 -29.53106019
"HSC 3" 273.73496465 -31.87471566
"HSC 4" 269.07221582 -29.63809868
"HSC 5" 276.78242021 -33.09355306
"HSC 6" 267.70722399 -28.82464882
"HSC 7" 261.39725469 -25.13485632
"HSC 8" 267.67303759 -28.63475332
"HSC 9" 269.0541006 -29.33439782
"HSC 10" 268.22552995 -28.79674558
"HSC 11" 267.41554842 -28.34712185
"HSC 12" 270.99783386 -30.01874129
"HSC 13" 269.04870053 -28.94250223
"HSC 14" 267.29986983 -28.00803909
"HSC 15" 278.97219898 -33.29082913
"HSC 16" 255.76281503 -20.69443082
"HSC 17" 268.76869002 -28.22565051
"HSC 18" 279.92767659 -32.96086031
"HSC 19" 271.09731284 -29.07542033
"HSC 20" 265.56563194 -26.1112651
"HSC 23" 281.87998515 -33.33870929
"HSC 25" 265.39154232 -25.70159807
"HSC 26" 268.61501028 -27.38502038
"HSC 27" 267.27278038 -26.63021458
"HSC 31" 266.58578594 -26.04071152
"HSC 32" 286.88243109 -34.67970405
"HSC 34" 266.62277776 -25.93021104
"HSC 35" 266.98684644 -26.12444269
"HSC 36" 268.74228299 -27.00148638
"HSC 37" 264.35500375 -24.40572095
"HSC 38" 269.29312346 -27.02527134
"HSC 39" 268.18452272 -26.37854966
"HSC 40" 268.97121443 -26.72565082
"HSC 44" 275.13787348 -29.27220598
"HSC 46" 229.61087739 2.04961365
"HSC 52" 336.34185233 -38.01875663
"HSC 55" 267.67857549 -24.71361397
"HSC 56" 268.42894629 -25.1053462
"HSC 58" 359.45304129 -32.60894369
"HSC 59" 260.81746483 -20.39529687
"HSC 61" 279.2118838 -29.64453186
"HSC 62" 269.8258553 -25.07628698
"HSC 63" 268.48967564 -24.36923185
"HSC 64" 255.19848667 -16.22050864
"HSC 65" 266.35058044 -23.09481333
"HSC 66" 251.9425963 -13.93912501
"HSC 67" 257.74708341 -17.76926401
"HSC 70" 270.31262406 -24.95714343
"HSC 71" 270.34742937 -24.9526974
"HSC 72" 269.59338513 -24.55712493
"HSC 73" 269.28534121 -24.30498415
"HSC 74" 286.03878794 -31.59649709
"HSC 75" 267.17318522 -23.08216024
"HSC 76" 270.10376415 -24.45817391
"HSC 77" 287.34581278 -31.76068554
"HSC 79" 270.06767952 -24.28845129
"HSC 80" 270.2547125 -24.33497311
"HSC 81" 282.07336007 -29.71531411
"HSC 86" 266.9426345 -22.18554732
"HSC 87" 272.5052188 -25.09089627
"HSC 89" 255.01130459 -14.59238267
"HSC 92" 269.49653852 -23.29243771
"HSC 93" 281.23033728 -28.72036583
"HSC 94" 270.32860514 -23.61920684
"HSC 95" 261.22982521 -18.28691587
"HSC 97" 271.28560869 -23.8027007
"HSC 98" 259.8507353 -17.07128889
"HSC 99" 263.05366362 -18.97601786
"HSC 100" 272.42570652 -24.04988447
"HSC 101" 278.65389266 -26.87364187
"HSC 103" 269.21022784 -22.05030987
"HSC 104" 270.5163587 -22.72959219
"HSC 105" 284.7017257 -29.09380917
"HSC 106" 269.9603932 -22.37753092
"HSC 108" 271.32658617 -22.92801652
"HSC 109" 274.96394038 -24.66315793
"HSC 110" 269.36360315 -21.76285513
"HSC 113" 279.77119449 -26.55669048
"HSC 115" 273.10750872 -23.02799015
"HSC 118" 272.65804245 -22.46953955
"HSC 119" 264.63319465 -17.55946347
"HSC 120" 263.29501218 -16.59125821
"HSC 125" 264.86188617 -16.81024381
"HSC 127" 271.94449118 -20.47842167
"HSC 129" 270.6826275 -19.76123414
"HSC 131" 274.98731846 -21.89475593
"HSC 132" 213.89009558 17.10382662
"HSC 133" 278.23392061 -23.36693405
"HSC 135" 271.7391523 -19.76358173
"HSC 137" 281.57007633 -24.35032782
"HSC 138" 273.20708575 -20.22983227
"HSC 139" 277.61398072 -22.36743412
"HSC 140" 277.47389989 -22.15558323
"HSC 142" 271.40458776 -18.94524995
"HSC 143" 274.35177291 -20.41499421
"HSC 144" 274.18232304 -20.32101038
"HSC 145" 271.38827094 -18.77060297
"HSC 147" 287.27785387 -26.02120676
"HSC 148" 273.504239 -19.52203394
"HSC 149" 273.50010875 -19.50420289
"HSC 151" 288.35675596 -25.89773304
"HSC 152" 272.43957765 -18.64624965
"HSC 153" 275.21078706 -19.99353689
"HSC 155" 273.89793236 -18.75782206
"HSC 156" 269.68869697 -16.20407121
"HSC 157" 276.61087965 -19.71429058
"HSC 158" 273.48004628 -18.06627228
"HSC 159" 270.80128723 -16.63427519
"HSC 160" 271.87895462 -17.19599946
"HSC 161" 273.51324307 -17.98918143
"HSC 162" 270.53815169 -16.23085959
"HSC 164" 284.60021473 -22.99486528
"HSC 166" 278.64101526 -20.24130206
"HSC 170" 301.72464453 -28.41949107
"HSC 171" 288.65155434 -23.86749095
"HSC 172" 259.23106283 -8.73995437
"HSC 174" 275.05439837 -17.53998857
"HSC 175" 273.09184472 -16.48882379
"HSC 176" 274.05273214 -16.53805472
"HSC 177" 286.8265867 -22.37657083
"HSC 178" 274.41589782 -16.35895169
"HSC 179" 272.34370501 -15.24975983
"HSC 180" 288.12144997 -22.1809088
"HSC 181" 277.27273964 -17.03748063
"HSC 183" 275.63762059 -16.00257103
"HSC 184" 273.73036939 -14.98552326
"HSC 186" 275.42484705 -15.79271552
"HSC 187" 273.25004071 -14.46653302
"HSC 188" 250.00174263 -0.60389824
"HSC 189" 279.06542488 -16.99601034
"HSC 190" 246.39719666 1.8548371
"HSC 191" 290.91739203 -22.08912514
"HSC 192" 282.74154594 -18.55244057
"HSC 193" 272.62413029 -13.48973345
"HSC 194" 275.73487452 -15.02687037
"HSC 195" 278.2333969 -16.07118922
"HSC 196" 269.98448899 -11.68227142
"HSC 197" 273.00690725 -12.99210675
"HSC 198" 276.1002753 -14.49021398
"HSC 200" 276.42328768 -13.93978103
"HSC 201" 284.52820199 -17.82773452
"HSC 202" 275.77318237 -13.45228083
"HSC 204" 275.13715089 -12.3711663
"HSC 205" 263.83718796 -6.08280617
"HSC 207" 277.28937005 -13.10581908
"HSC 208" 271.30905982 -9.77796581
"HSC 210" 277.34136443 -12.66959183
"HSC 212" 291.22466629 -18.37633376
"HSC 213" 269.23604456 -7.38452727
"HSC 214" 275.04953266 -10.46468426
"HSC 215" 277.06809151 -11.458311
"HSC 219" 277.58515472 -10.91094866
"HSC 220" 280.75311594 -12.48672168
"HSC 221" 277.78571281 -10.87545852
"HSC 222" 278.51765302 -11.2086311
"HSC 223" 282.88233893 -13.35482559
"HSC 224" 280.22862243 -11.80396617
"HSC 225" 277.73869675 -10.53336579
"HSC 226" 277.62115764 -10.45025603
"HSC 227" 276.41548305 -9.74681471
"HSC 229" 256.08113101 1.6253259
"HSC 230" 277.9235098 -10.16943298
"HSC 231" 279.70980009 -10.93304208
"HSC 232" 264.76852123 -2.73125361
"HSC 233" 277.96633836 -8.79048766
"HSC 234" 276.88786513 -8.10792682
"HSC 235" 278.14825322 -8.45098405
"HSC 236" 272.1943693 -5.10307995
"HSC 238" 276.10044556 -6.58233157
"HSC 239" 277.98435683 -7.50761149
"HSC 240" 285.17496522 -10.62643938
"HSC 242" 247.84630601 9.21638164
"HSC 243" 279.07326609 -6.76277586
"HSC 245" 279.88466805 -7.05988378
"HSC 247" 296.37942003 -14.84580109
"HSC 248" 268.81381224 -0.96469952
"HSC 249" 279.69425347 -6.56767885
"HSC 250" 278.68028941 -5.99598865
"HSC 251" 279.33185736 -6.2970265
"HSC 252" 289.58998682 -11.32991985
"HSC 253" 279.09803816 -5.99965923
"HSC 254" 278.08274076 -5.37004719
"HSC 255" 291.18623321 -11.72044989
"HSC 257" 278.4657535 -4.95492108
"HSC 258" 278.42296731 -4.87384263
"HSC 261" 279.67011407 -5.40192615
"HSC 262" 280.24984593 -5.64531231
"HSC 263" 264.8222678 2.42586823
"HSC 264" 280.58260492 -5.78375409
"HSC 265" 279.83470989 -5.37947806
"HSC 266" 280.78941646 -5.78762459
"HSC 267" 278.41689915 -4.5522319
"HSC 268" 280.14602461 -5.32521643
"HSC 269" 282.96898649 -6.72618358
"HSC 271" 279.004336 -4.61108282
"HSC 272" 280.11675734 -5.13622613
"HSC 273" 281.10699069 -5.44458045
"HSC 276" 287.4194613 -8.39386569
"HSC 277" 283.90441083 -6.46175483
"HSC 278" 279.95626631 -4.36897412
"HSC 279" 281.27631323 -4.85880952
"HSC 280" 276.8418341 -2.39413243
"HSC 281" 280.84487376 -4.38196396
"HSC 282" 349.26645462 -26.87716508
"HSC 283" 260.25359182 6.35716452
"HSC 284" 280.30278063 -3.91097827
"HSC 285" 280.90686461 -3.8143722
"HSC 287" 275.71677171 -1.03091186
"HSC 289" 280.01965762 -2.88903589
"HSC 290" 278.96590223 -2.3345193
"HSC 291" 282.53536585 -4.1002288
"HSC 294" 282.48793931 -3.48927681
"HSC 295" 273.82782315 1.01936775
"HSC 296" 288.44518873 -6.3435325
"HSC 297" 270.78641721 2.73645795
"HSC 298" 286.30595476 -5.21450582
"HSC 299" 276.29708352 -0.00373218
"HSC 300" 291.60679789 -7.68659521
"HSC 301" 294.0396753 -8.81347501
"HSC 302" 281.08663549 -2.1220746
"HSC 303" 269.68248876 3.74209759
"HSC 304" 280.53278265 -1.54590303
"HSC 305" 269.71609397 4.10488602
"HSC 307" 284.40310967 -2.96947137
"HSC 308" 280.20065041 -0.7694449
"HSC 310" 289.96666311 -5.68417585
"HSC 313" 283.68767035 -2.40737519
"HSC 315" 284.92662617 -1.8087212
"HSC 316" 282.54673643 -0.52407186
"HSC 318" 271.09361749 5.45172928
"HSC 319" 281.08426223 0.48184599
"HSC 320" 282.97709559 -0.43656104
"HSC 321" 282.04358433 0.04259551
"HSC 322" 257.17484508 12.20013196
"HSC 323" 283.85067849 0.23798193
"HSC 324" 285.00155947 -0.30611152
"HSC 325" 266.633573 8.94370799
"HSC 327" 282.81459192 1.04062905
"HSC 328" 344.15826369 -23.78139608
"HSC 329" 289.27918131 -2.22300068
"HSC 330" 292.27984029 -3.0789282
"HSC 331" 287.2972983 0.04227457
"HSC 332" 287.24343122 0.09405799
"HSC 333" 263.3072807 12.0302157
"HSC 334" 257.57455868 14.54451052
"HSC 336" 284.09016707 2.51660893
"HSC 337" 302.76074513 -6.94193448
"HSC 338" 283.6360948 2.90215723
"HSC 339" 281.84587796 3.99421132
"HSC 340" 285.49149962 2.32162468
"HSC 341" 359.94533519 -25.7978605
"HSC 343" 286.95728589 2.33054736
"HSC 344" 289.46344812 1.16171003
"HSC 345" 282.792734 5.18125841
"HSC 346" 286.5839454 3.39767234
"HSC 347" 284.03640254 4.74272114
"HSC 348" 290.18097291 1.64394572
"HSC 349" 279.595638 7.44103693
"HSC 350" 284.58440548 5.04603347
"HSC 351" 284.91928372 5.0846215
"HSC 353" 286.10111359 4.61333999
"HSC 354" 289.291125 3.83569888
"HSC 355" 274.33969211 11.32978422
"HSC 356" 318.99107287 -11.01530887
"HSC 357" 292.29217916 2.81604568
"HSC 358" 286.08236259 6.72258116
"HSC 359" 284.31849811 8.29918362
"HSC 361" 288.39686418 6.40431079
"HSC 363" 284.28313213 8.55187932
"HSC 365" 288.18991431 6.93418268
"HSC 366" 289.76471804 6.12328306
"HSC 368" 290.89356015 5.96870531
"HSC 369" 249.32439224 24.06561942
"HSC 370" 288.26613841 8.54293483
"HSC 371" 292.9204684 6.38014292
"HSC 373" 286.79905433 9.95696538
"HSC 374" 289.42492901 8.63162324
"HSC 375" 289.21767308 8.75445726
"HSC 376" 312.76324004 -4.03262783
"HSC 379" 289.19116647 9.05773677
"HSC 380" 286.42325527 10.71352567
"HSC 381" 271.38575712 17.77089873
"HSC 382" 301.18088721 2.99601387
"HSC 384" 288.3257068 9.98065698
"HSC 385" 288.39012041 10.33261559
"HSC 386" 288.1372943 10.51295829
"HSC 387" 285.28027151 12.43320989
"HSC 388" 272.77360467 18.22433698
"HSC 389" 292.59315768 8.86838474
"HSC 390" 317.15263605 -4.50643883
"HSC 391" 295.72866128 7.61084835
"HSC 392" 294.92868887 8.26762595
"HSC 393" 289.78877578 11.10295618
"HSC 394" 292.46500754 10.19647281
"HSC 396" 317.19241303 -3.6713698
"HSC 397" 290.50229337 11.53148145
"HSC 398" 289.9424829 12.52812146
"HSC 399" 287.77910557 13.87004835
"HSC 401" 288.0159107 13.92589801
"HSC 402" 290.2922529 12.86478998
"HSC 403" 289.84014718 13.3389216
"HSC 404" 295.77391055 10.36514048
"HSC 405" 289.43847712 13.93805328
"HSC 406" 290.28883902 13.58830678
"HSC 407" 289.20456223 14.17781624
"HSC 408" 289.56792739 14.45675871
"HSC 409" 274.88530851 21.25419953
"HSC 410" 298.02020634 10.45650855
"HSC 411" 289.38200843 15.30110535
"HSC 412" 290.59612046 15.14049161
"HSC 413" 290.84257611 15.41023957
"HSC 415" 275.24949942 22.77173921
"HSC 416" 287.92620823 17.35726073
"HSC 419" 297.01156746 13.29314345
"HSC 420" 295.23782743 14.32529216
"HSC 421" 299.59614991 11.93015602
"HSC 422" 272.37303527 24.81434709
"HSC 423" 279.14427471 22.41847096
"HSC 425" 281.67461447 21.54590802
"HSC 426" 292.91209098 16.16175425
"HSC 427" 316.83624681 1.94343695
"HSC 428" 294.18053382 15.79040653
"HSC 429" 283.43590159 21.11695646
"HSC 430" 292.78645271 16.71924907
"HSC 431" 291.24345074 17.54328518
"HSC 432" 293.83000592 16.47687572
"HSC 433" 289.60887984 18.74049175
"HSC 434" 286.82543827 20.10659994
"HSC 435" 308.26819105 8.89393648
"HSC 436" 291.30926115 18.72450673
"HSC 437" 290.6191085 19.14004166
"HSC 438" 290.48798758 19.26881421
"HSC 440" 303.71049058 11.99760503
"HSC 441" 292.58735103 18.27863179
"HSC 442" 291.81751366 18.74374191
"HSC 443" 291.39710324 19.7211932
"HSC 444" 295.12678888 17.78522837
"HSC 445" 300.24690948 15.0150541
"HSC 446" 290.0260434 20.82297762
"HSC 447" 294.65958813 18.55095559
"HSC 448" 328.62717258 -3.03937369
"HSC 449" 293.20533483 19.37218138
"HSC 450" 295.16421374 18.48038203
"HSC 451" 293.41171365 19.44429451
"HSC 452" 299.83286995 16.65448623
"HSC 453" 261.10601329 32.04786338
"HSC 454" 294.36610423 19.74966419
"HSC 455" 287.10767761 23.38451057
"HSC 456" 295.04358613 19.97614065
"HSC 457" 294.81730823 20.17282904
"HSC 458" 294.27555694 20.49131976
"HSC 460" 322.89030915 2.62495963
"HSC 461" 295.5599183 20.18389646
"HSC 462" 288.74590129 23.93343699
"HSC 463" 295.76597828 20.49189051
"HSC 464" 295.79236793 20.52018546
"HSC 465" 312.30081109 10.56233369
"HSC 466" 290.88265252 23.32930436
"HSC 467" 297.12286383 20.14149712
"HSC 469" 271.94522014 31.0196817
"HSC 470" 294.04101625 22.30107545
"HSC 471" 291.08283426 23.81098585
"HSC 473" 321.54137608 5.55401467
"HSC 474" 260.80498651 34.70830494
"HSC 475" 282.33228024 28.58196541
"HSC 476" 285.01903306 27.54252596
"HSC 477" 234.69520677 36.62019434
"HSC 478" 298.53771195 21.01786103
"HSC 479" 278.88818868 30.12896414
"HSC 480" 295.2325673 23.03590698
"HSC 482" 293.78606048 24.13322028
"HSC 483" 280.54550673 29.94071615
"HSC 485" 296.74020142 23.06644638
"HSC 486" 295.10731609 24.24729093
"HSC 487" 299.58343252 21.83196964
"HSC 488" 297.82170068 23.13672176
"HSC 489" 294.80894227 24.83974234
"HSC 490" 296.99919 23.90534562
"HSC 491" 294.58071065 25.4469054
"HSC 492" 297.16515976 24.28786679
"HSC 493" 289.76115924 27.98967154
"HSC 494" 298.12685743 23.82130152
"HSC 496" 296.29919678 24.95040834
"HSC 497" 295.4445662 25.48664993
"HSC 498" 296.83384851 24.77425079
"HSC 499" 298.71014787 23.8602772
"HSC 500" 241.50730877 38.43537519
"HSC 501" 301.95977861 22.30931416
"HSC 502" 294.79912904 26.26294511
"HSC 504" 298.89723142 25.00958162
"HSC 505" 295.98442485 26.95052267
"HSC 506" 296.6242306 26.62553838
"HSC 507" 297.45207602 26.20107308
"HSC 508" 338.42951196 -3.31382361
"HSC 509" 297.5103454 26.46230492
"HSC 510" 291.51789407 29.96327021
"HSC 511" 295.67062676 28.306066
"HSC 512" 282.52902458 34.11555576
"HSC 513" 297.45735179 27.89485917
"HSC 514" 298.661846 27.7256274
"HSC 515" 300.62136451 26.69190235
"HSC 516" 299.74483534 27.19578376
"HSC 517" 304.8031923 24.81887769
"HSC 519" 298.21794593 28.64268368
"HSC 521" 299.45231045 28.13105815
"HSC 522" 297.35906517 29.30319091
"HSC 523" 299.69243502 28.08836518
"HSC 524" 227.22363567 39.57394348
"HSC 525" 302.25674406 26.80376801
"HSC 527" 299.31946867 29.19153664
"HSC 528" 297.70465747 30.21118661
"HSC 529" 298.66846857 29.80023571
"HSC 530" 300.07046254 29.08170576
"HSC 531" 299.83174791 29.26253778
"HSC 532" 290.72167597 33.69080976
"HSC 533" 298.66634674 30.07731926
"HSC 534" 290.15418643 34.14721798
"HSC 535" 298.99282341 30.24762161
"HSC 536" 298.54383191 30.53883197
"HSC 537" 297.20823739 31.3592615
"HSC 538" 299.84206672 30.06269729
"HSC 539" 299.50290148 30.34829897
"HSC 540" 304.89514486 27.71021798
"HSC 541" 297.7008766 31.69146562
"HSC 543" 300.83355642 30.42328099
"HSC 544" 299.29914835 31.24228796
"HSC 545" 303.62664466 28.94626471
"HSC 546" 302.20944831 29.83755832
"HSC 548" 302.23145561 30.6535523
"HSC 549" 300.57821256 31.5970271
