scripts/hr24-oc.ecsv
# %ECSV 1.0
# ---
# datatype:
# - {name: Name, datatype: string}
# - {name: RAJ2000, unit: deg, datatype: float64}
# - {name: DEJ2000, unit: deg, datatype: float64}
# schema: astropy-2.0
Name RAJ2000 DEJ2000
[from data line 4870]
"OC 0011" 272.9928421 -22.97135671
"OC 0015" 271.27257983 -21.21635053
"OC 0017" 272.00968002 -19.48751414
"OC 0018" 272.03055921 -19.4081346
"OC 0019" 274.10700307 -20.14435311
"OC 0023" 273.76291186 -17.01244303
"OC 0024" 274.17511813 -16.99651562
"OC 0025" 273.14661007 -16.40356547
"OC 0026" 274.91987005 -16.54132637
"OC 0027" 274.95997128 -15.70178884
"OC 0028" 274.64033046 -15.17364825
"OC 0030" 273.79622561 -12.55134418
"OC 0031" 276.2899751 -13.28017276
"OC 0034" 278.98530177 -12.80044266
"OC 0035" 276.83720818 -10.96335984
"OC 0036" 277.19679323 -10.42142492
"OC 0037" 278.09020138 -10.59429197
"OC 0038" 279.1970673 -10.88187239
"OC 0041" 278.31181591 -7.98591825
"OC 0043" 279.34814059 -7.56976714
"OC 0044" 277.78543308 -6.12049738
"OC 0061" 279.99464294 -0.33990334
"OC 0063" 281.13970274 -0.29324248
"OC 0064" 282.46574736 -0.33109172
"OC 0065" 282.36020116 3.35010015
"OC 0069" 294.80321574 2.33100921
"OC 0070" 290.40180169 9.08245591
"OC 0073" 288.17989084 12.00171575
"OC 0077" 294.87114456 16.44927587
"OC 0078" 291.70984524 19.62792097
"OC 0084" 294.02811461 20.55185785
"OC 0095" 304.1385259 29.77396024
"OC 0106" 305.0893662 35.11442692
"OC 0107" 305.03716155 36.20976529
"OC 0113" 307.7052432 37.46682466
"OC 0115" 306.13849776 39.01111842
"OC 0120" 307.20938585 39.59888892
"OC 0123" 306.35620996 40.8951967
"OC 0124" 306.43847278 40.92422178
"OC 0125" 310.75504888 38.42540461
"OC 0126" 304.46604768 42.14667759
"OC 0127" 304.43033319 42.71354136
"OC 0128" 307.93925529 40.74135223
"OC 0130" 306.57829007 42.63766156
"OC 0133" 307.39549939 44.63297608
"OC 0137" 318.49271079 41.9190017
"OC 0139" 317.5948141 45.5966987
"OC 0140" 317.90139801 46.86760447
"OC 0142" 322.54460524 45.53258796
"OC 0143" 319.71152964 49.06723924
"OC 0144" 317.03780667 50.97284111
"OC 0145" 318.61231099 50.43181709
"OC 0146" 317.66004111 51.69479336
"OC 0148" 321.87769965 49.69018587
"OC 0149" 316.71588843 53.02135966
"OC 0150" 321.54609953 52.72009955
"OC 0153" 317.03906766 56.4639019
"OC 0158" 318.74190568 59.31892052
"OC 0160" 322.2581125 58.73096111
"OC 0165" 332.99738249 53.92790625
"OC 0168" 331.15397859 56.9660361
"OC 0170" 333.89882519 56.20828183
"OC 0175" 334.72180686 57.43456174
"OC 0179" 338.43649696 56.53688783
"OC 0181" 334.02716037 60.91219694
"OC 0185" 332.7413585 63.39593762
"OC 0186" 339.93670247 58.70690817
"OC 0189" 336.29076787 62.32734567
"OC 0190" 343.17621906 57.51709846
"OC 0192" 343.38757296 57.52422364
"OC 0193" 343.53669182 58.96037999
"OC 0196" 344.44793212 59.03375217
"OC 0203" 348.81928106 59.98695944
"OC 0206" 352.94363278 59.93519585
"OC 0207" 354.58588334 57.78981663
"OC 0208" 355.12039455 60.1975504
"OC 0227" 7.63818132 65.50280702
"OC 0231" 13.7290515 62.04621487
"OC 0232" 17.57302047 62.73180018
"OC 0233" 17.84225958 57.55025807
"OC 0237" 22.66315526 62.41318516
"OC 0243" 37.28092978 62.94893589
"OC 0254" 42.5376432 62.09289445
"OC 0255" 43.53706265 60.65500051
"OC 0257" 46.15951984 59.27040025
"OC 0266" 51.20674054 54.94157728
"OC 0279" 58.54704722 31.9230373
"OC 0280" 60.52099338 32.17810404
"OC 0282" 74.99523312 38.68785644
"OC 0289" 74.34281534 32.75738804
"OC 0290" 75.43475134 30.75945734
"OC 0292" 85.65169361 36.18970454
"OC 0298" 75.61203813 19.69044849
"OC 0300" 86.38280089 24.78440147
"OC 0301" 88.37829256 25.18337436
"OC 0302" 88.71164021 25.09328658
"OC 0310" 93.82802709 22.26774381
"OC 0312" 95.76463068 22.93630792
"OC 0315" 94.93588545 22.11473418
"OC 0316" 95.26507137 22.17063969
"OC 0321" 95.54509296 19.00428186
"OC 0322" 79.41769192 7.16412271
"OC 0330" 98.79422417 12.64683193
"OC 0339" 83.11891544 -0.41880692
"OC 0343" 97.63164676 4.35729786
"OC 0351" 96.14358788 -1.34857132
"OC 0352" 103.02320122 1.91607105
"OC 0353" 98.56317381 -0.89594296
"OC 0354" 98.46820491 -1.6934597
"OC 0356" 85.28565073 -9.52376611
"OC 0357" 91.93196842 -6.39588144
"OC 0361" 90.51458967 -9.97238119
"OC 0367" 89.45101498 -14.11430558
"OC 0368" 107.11939652 -5.90702911
"OC 0369" 105.78494967 -6.9184699
"OC 0370" 107.26059796 -7.20169586
"OC 0373" 105.91061227 -9.44502985
"OC 0376" 105.82675566 -12.64543728
"OC 0377" 107.41310435 -12.04917162
"OC 0381" 105.16644233 -14.39721318
"OC 0382" 110.32477798 -11.78547135
"OC 0390" 112.77068249 -13.62593295
"OC 0392" 112.12313521 -15.68172909
"OC 0395" 104.36893683 -21.35340156
"OC 0398" 111.86999914 -18.48203166
"OC 0401" 104.68584383 -23.32588835
"OC 0403" 113.30916921 -20.16022217
"OC 0407" 107.37015907 -25.20081826
"OC 0412" 113.34835587 -23.96265337
"OC 0413" 108.69464718 -26.2472535
"OC 0416" 110.19351448 -27.38786838
"OC 0428" 117.63684306 -29.94705786
"OC 0432" 116.62786326 -31.31036215
"OC 0440" 117.0500001 -36.14814408
"OC 0442" 126.04926321 -32.57880264
"OC 0446" 121.19359156 -39.18827085
"OC 0448" 119.83758176 -40.24757256
"OC 0450" 118.13779525 -42.43187045
"OC 0453" 125.07107909 -40.47952999
"OC 0464" 123.52204098 -43.09637171
"OC 0465" 127.31413293 -41.21942156
"OC 0467" 129.40816175 -40.29213581
"OC 0470" 117.37501493 -46.36827056
"OC 0471" 125.53215494 -42.99193636
"OC 0473" 124.06543209 -44.86171758
"OC 0476" 128.59131917 -43.83652802
"OC 0477" 125.66316319 -45.59840062
"OC 0479" 119.55156357 -49.19828207
"OC 0480" 132.45675416 -43.15164603
"OC 0483" 130.85586205 -46.14579358
"OC 0492" 134.28192728 -46.04764803
"OC 0493" 131.46298309 -48.13602066
"OC 0494" 133.09242918 -47.96300749
"OC 0497" 137.85222793 -45.56842332
"OC 0501" 137.25176781 -46.43412231
"OC 0506" 132.47242309 -51.64342686
"OC 0508" 137.54620322 -49.79273118
"OC 0510" 140.29540784 -50.82522755
"OC 0513" 142.7142706 -51.42006715
"OC 0521" 144.96484873 -54.04152866
"OC 0523" 144.73215041 -54.51379855
"OC 0530" 148.28003821 -57.40196282
"OC 0531" 147.06232177 -58.18475698
"OC 0537" 153.76793768 -58.23448793
"OC 0540" 153.1816407 -60.95338126
"OC 0549" 158.26330927 -62.00552213
"OC 0557" 163.07207144 -64.47339152
"OC 0558" 167.86560201 -59.53765866
"OC 0562" 170.63428745 -61.51599311
"OC 0571" 177.11163003 -61.3394642
"OC 0587" 193.70705996 -61.76693021
"OC 0588" 195.9977984 -60.09600847
"OC 0589" 196.22484939 -61.70704666
"OC 0594" 197.53128504 -63.19699619
"OC 0596" 198.85175757 -61.59412369
"OC 0600" 206.95004543 -63.42889453
"OC 0601" 207.08317443 -62.74798217
"OC 0602" 205.30594941 -56.650618
"OC 0606" 212.89676987 -63.1414657
"OC 0619" 223.87722487 -60.51992596
"OC 0621" 225.92412065 -60.01601251
"OC 0622" 226.90884436 -60.40164924
"OC 0626" 227.82416807 -57.95850948
"OC 0629" 230.10814859 -57.16077404
"OC 0630" 233.91774937 -56.45478794
"OC 0631" 234.85403504 -55.92715965
"OC 0634" 235.85774222 -56.14118807
"OC 0640" 240.41565957 -52.11067999
"OC 0644" 241.56576253 -52.13443563
"OC 0650" 244.58584124 -51.53102777
"OC 0652" 246.38068063 -52.17381519
"OC 0653" 245.87832291 -51.87249325
"OC 0666" 242.19099119 -39.08487376
"OC 0668" 251.04546452 -44.11285717
"OC 0673" 252.61781588 -41.60087665
"OC 0675" 260.77028902 -44.37768132
"OC 0677" 255.05602468 -38.7816288
"OC 0680" 258.98563512 -39.04236802
"OC 0681" 259.85932738 -39.05772266
"OC 0684" 256.77270348 -35.80406861
"OC 0689" 263.52634525 -35.06514535
"OC 0692" 263.40325614 -34.44156031
"OC 0695" 264.27185555 -33.98458148
"OC 0697" 264.05999054 -33.49322414
"OC 0704" 266.57522946 -29.17432694
"OCSN 3" 276.45600524 -21.0374784
"OCSN 6" 276.96932578 -5.90909812
"OCSN 10" 276.08938572 15.68969843
"OCSN 12" 276.51359947 21.42100709
"OCSN 15" 285.09925879 27.18952386
"OCSN 19" 294.04808674 29.61483271
"OCSN 24" 314.7721801 48.76105233
"OCSN 27" 321.60720713 47.63254455
"OCSN 28" 324.41902709 50.89109399
"OCSN 31" 329.65617912 50.78616573
"OCSN 32" 340.36750758 40.21033521
"OCSN 36" 350.26615593 43.72628736
"OCSN 40" 358.85783667 56.48449254
"OCSN 41" 1.0775731 54.289551
"OCSN 49" 89.91677588 45.49630866
"OCSN 50" 62.3600261 21.42042292
"OCSN 54" 77.62209288 17.43095
"OCSN 56" 83.57819526 2.62920327
"OCSN 59" 76.84403948 -3.33567837
"OCSN 61" 84.08365125 -0.40216642
"OCSN 64" 78.46736944 -4.84942197
"OCSN 65" 83.76420766 -2.15505865
"OCSN 68" 84.49072128 -4.9107565
"OCSN 69" 93.64741546 -4.61708713
"OCSN 70" 85.24348474 -9.28738374
"OCSN 76" 99.63808779 -16.76476224
"OCSN 77" 112.66115542 -12.53968097
"OCSN 82" 108.5313574 -35.06059214
"OCSN 86" 138.25821807 -29.7467166
"OCSN 88" 140.96126277 -63.04946734
"OCSN 89" 186.45011925 -65.88346546
"OCSN 91" 229.6831408 -37.65242834
"OCSN 92" 231.55515653 -36.0620607
"OCSN 96" 240.42965468 -22.70921448
"OCSN 98" 241.30083743 -19.74287484
"OCSN 99" 255.99372708 -30.17794775
"OCSN 100" 242.72133493 -19.38334114
"PHOC 1" 126.97828579 -42.76239916
"PHOC 2" 280.09108002 -3.71811101
"PHOC 3" 115.82666132 -30.48788904
"PHOC 5" 105.88742876 -7.83527254
"PHOC 6" 280.58058889 -7.23578723
"PHOC 7" 285.77709392 14.62616636
"PHOC 9" 79.58693552 41.93518849
"PHOC 10" 266.64743607 -30.35308762
"PHOC 11" 303.36024424 32.12180632
"PHOC 14" 295.91468746 24.43940974
"PHOC 15" 112.33741308 -20.34272205
"PHOC 16" 111.05044375 -20.20839055
"PHOC 17" 261.1749118 -34.70468583
"PHOC 18" 261.59731215 -37.74707476
"PHOC 19" 246.29787821 -49.73998128
"PHOC 21" 121.74172639 -21.08775467
"PHOC 22" 144.01273966 -56.58332729
"PHOC 24" 97.40426823 7.99138198
"PHOC 25" 95.26823904 7.33579074
"PHOC 26" 96.0739931 7.50273973
"PHOC 27" 135.93493882 -53.84931507
"PHOC 29" 120.70688826 -28.55486189
"PHOC 30" 144.71501526 -51.22409474
"PHOC 31" 168.73547134 -59.42954176
"PHOC 32" 171.44068934 -63.69372834
"PHOC 33" 301.66161299 36.29328802
"PHOC 34" 85.9621071 30.09063059
"PHOC 35" 289.43387123 8.72019888
"PHOC 36" 110.4221056 -12.97418477
"PHOC 37" 300.96425982 34.62356487
"PHOC 38" 284.39032466 -1.55315723
"PHOC 40" 287.72139775 14.0045922
"PTB 9" 357.49489862 68.03075564
"Palomar 2" 71.52595064 31.3813961
"Palomar 3" 151.380558 0.07353034
"Palomar 4" 172.31614102 28.97189779
"Palomar 5" 229.02406057 -0.10861674
"Palomar 6" 265.9208198 -26.22650015
"Palomar 8" 280.37658945 -19.82804001
"Palomar 10" 289.50817467 18.57335345
"Palomar 11" 296.31169229 -8.00954967
"Palomar 12" 326.6600549 -21.254175
"Palomar 13" 346.68491491 12.77246615
"Palomar 14" 242.74657251 14.95875403
"Palomar 15" 254.97360437 -0.5459816
"Patchick 3" 79.12109342 45.58206403
"Patchick 12" 31.09127922 54.36272724
"Patchick 79" 108.84397814 -7.42897519
"Patchick 89" 299.8862697 49.31324123
"Patchick 90" 101.18133029 -0.52430228
"Pfleiderer 2" 269.66036609 -5.07559526
"Pfleiderer 3" 347.04152706 60.8723995
"Pfleiderer 4" 357.73400134 62.31812123
"Pismis 1" 124.5715656 -37.10181969
"Pismis 2" 124.47521467 -41.67157824
"Pismis 3" 127.83257834 -38.66462769
"Pismis 4" 128.76895522 -44.40366811
"Pismis 5" 129.41357832 -39.58434921
"Pismis 6" 129.8917971 -46.29047155
"Pismis 7" 130.28045868 -38.70295491
"Pismis 8" 130.40350219 -46.26259544
"Pismis 11" 138.97298118 -50.00717922
"Pismis 12" 140.00599635 -45.12788009
"Pismis 15" 143.68755772 -48.04032936
"Pismis 16" 147.81786941 -53.1756621
"Pismis 17" 165.35398854 -59.87044513
"Pismis 18" 204.22690735 -62.09105821
"Pismis 19" 217.66769838 -60.89144191
"Pismis 20" 228.85288864 -59.07092803
"Pismis 21" 229.19361288 -59.6601693
"Pismis 22" 243.54346337 -51.87286924
"Pismis 23" 245.99201765 -48.89302206
"Pismis 26" 264.04539469 -38.55213902
"Pismis 27" 92.72610016 20.62006896
"Pismis-Moreno 1" 334.62910323 63.23083947
"Platais 3" 68.4056132 71.48936129
"Platais 6" 94.89598037 5.3012761
"Platais 8" 136.89483575 -59.30881905
"Platais 9" 138.32068636 -43.55757013
"Platais 10" 205.27895725 -59.1564596
"Platais 12" 207.9194603 -63.45382482
"Pozzo 1" 122.37463462 -47.35367097
Pyxis 136.98435109 -37.22417588
"QC 1" 305.10437052 39.86927981
"QC 3" 310.39244623 46.16089951
"QC 4" 309.1133306 46.89379857
"RSG 4" 287.69565386 56.52277694
"RSG 5" 303.9087026 45.73801653
"RSG 8" 345.45296036 59.50879452
"Renou 23" 84.52613546 57.10841925
"Riddle 4" 31.85022186 60.26162524
"Riddle 6" 317.9682994 59.98264202
"Roslund 1" 296.26407092 17.549167
"Roslund 2" 296.27411891 23.97426814
"Roslund 3" 299.69928008 20.50493789
"Roslund 4" 301.21392366 29.19143741
"Roslund 5" 302.61746629 33.74065524
"Roslund 6" 307.5933066 40.35590523
"Roslund 7" 313.21284857 37.92023721
"Ruprecht 1" 99.09894313 -14.1666642
"Ruprecht 4" 102.24514437 -10.52952636
"Ruprecht 8" 105.4302747 -13.53862592
"Ruprecht 10" 106.61857773 -20.12340476
"Ruprecht 16" 110.79406171 -19.49875682
"Ruprecht 17" 110.82742544 -23.24028091
"Ruprecht 18" 111.1639998 -26.2066973
"Ruprecht 19" 111.49885196 -21.82974013
"Ruprecht 23" 112.65801803 -23.38047793
"Ruprecht 24" 112.96838187 -12.77345684
"Ruprecht 25" 114.19841996 -23.38599793
"Ruprecht 26" 114.25370498 -15.59093566
"Ruprecht 27" 114.41679725 -26.51320473
"Ruprecht 28" 114.90436261 -30.93492429
"Ruprecht 29" 115.24398343 -24.39822283
"Ruprecht 33" 116.44486663 -21.91730865
"Ruprecht 34" 116.48202936 -20.38500879
"Ruprecht 35" 116.55345493 -31.27850436
"Ruprecht 36" 117.09001985 -26.28996455
"Ruprecht 37" 117.45014657 -17.24841279
"Ruprecht 41" 118.42423353 -27.00724617
"Ruprecht 42" 119.40410999 -25.92532908
"Ruprecht 44" 119.69158382 -28.54717454
"Ruprecht 45" 119.90005537 -16.29146991
"Ruprecht 47" 120.57018683 -31.07313058
"Ruprecht 48" 120.67402915 -32.04277914
"Ruprecht 49" 120.8119084 -26.76592907
"Ruprecht 50" 120.87578205 -30.86765337
"Ruprecht 53" 122.74117728 -27.00274644
"Ruprecht 54" 122.84396816 -31.94887972
"Ruprecht 56" 122.95767159 -40.49615168
"Ruprecht 58" 123.71279715 -31.94253085
"Ruprecht 59" 124.82574317 -34.48211017
"Ruprecht 60" 126.10993718 -47.21135925
"Ruprecht 61" 126.32255086 -34.14507341
"Ruprecht 63" 128.16383373 -48.30120272
"Ruprecht 65" 129.83355108 -44.05779537
"Ruprecht 66" 130.13384864 -38.07197476
"Ruprecht 67" 130.47285621 -43.36802671
"Ruprecht 68" 131.13778241 -35.89798443
"Ruprecht 71" 132.32324458 -46.8732979
"Ruprecht 75" 140.48250058 -56.31266164
"Ruprecht 76" 141.07681796 -51.65070514
"Ruprecht 77" 141.84189368 -55.09806021
"Ruprecht 78" 142.27975205 -53.69856243
"Ruprecht 79" 145.2611993 -53.83437023
"Ruprecht 82" 146.43116052 -54.0024347
"Ruprecht 83" 147.32458449 -54.60621968
"Ruprecht 84" 147.27618915 -65.26095582
"Ruprecht 85" 150.36247013 -55.10945131
"Ruprecht 91" 161.96685097 -57.48805629
"Ruprecht 93" 166.05007956 -61.376688
"Ruprecht 94" 172.63818248 -63.45550643
"Ruprecht 96" 177.68523197 -62.14094442
"Ruprecht 97" 179.36630023 -62.71003227
"Ruprecht 98" 179.71142295 -64.61283405
"Ruprecht 100" 181.52146848 -62.62334668
"Ruprecht 101" 182.40539815 -62.99040708
"Ruprecht 102" 183.39934055 -62.71625498
"Ruprecht 105" 188.63650225 -61.59491953
"Ruprecht 106" 189.66985246 -51.15418626
"Ruprecht 107" 199.94061929 -64.9453569
"Ruprecht 108" 203.01166787 -58.49467573
"Ruprecht 111" 219.00878485 -59.98065652
"Ruprecht 112" 224.23491612 -62.58830392
"Ruprecht 115" 243.21432533 -52.39698943
"Ruprecht 117" 245.96028471 -51.87109695
"Ruprecht 118" 246.12324076 -51.91772256
"Ruprecht 119" 247.00331737 -51.49584125
"Ruprecht 120" 248.80728171 -48.27710746
"Ruprecht 121" 250.43297436 -46.160749
"Ruprecht 123" 260.8596762 -37.91581756
"Ruprecht 126" 263.77532573 -34.32550132
"Ruprecht 127" 264.45389997 -36.31201579
"Ruprecht 128" 266.06630245 -34.87673694
"Ruprecht 130" 266.89482894 -30.09793423
"Ruprecht 134" 268.1753399 -29.53457502
"Ruprecht 135" 269.49982548 -11.64239945
"Ruprecht 137" 270.05354522 -25.10918957
"Ruprecht 138" 269.9922446 -24.66250853
"Ruprecht 139" 270.23558153 -23.544639
"Ruprecht 143" 278.17443792 -12.15145355
"Ruprecht 144" 278.4108998 -11.42147823
"Ruprecht 145" 282.65752802 -18.29345369
"Ruprecht 147" 289.14078193 -16.26885181
"Ruprecht 148" 71.62800717 44.71466014
"Ruprecht 151" 115.29970809 -16.2793144
"Ruprecht 152" 118.6190531 -38.23887163
"Ruprecht 161" 152.31694627 -61.24555585
"Ruprecht 163" 166.17200262 -67.99815384
"Ruprecht 164" 172.6056183 -60.74580732
"Ruprecht 166" 201.39934026 -63.45888976
"Ruprecht 167" 215.10560043 -58.8705579
"Ruprecht 170" 276.33888132 -10.01277374
"Ruprecht 171" 278.01404424 -16.06068488
"Ruprecht 172" 302.88745496 35.6021527
"Ruprecht 174" 310.8609875 37.03127301
