scripts/vb21-gc.ecsv
# %ECSV 1.0
# ---
# datatype:
# - {name: Name, datatype: string}
# - {name: RAJ2000, unit: deg, datatype: float64}
# - {name: DEJ2000, unit: deg, datatype: float64}
# schema: astropy-2.0
Name RAJ2000 DEJ2000
"NGC 104" 6.024 -72.081
"NGC 288" 13.188 -26.583
"NGC 362" 15.809 -70.849
"Whiting 1" 30.737 -3.253
"NGC 1261" 48.068 -55.216
"Pal 1" 53.333 79.581
"E 1" 58.76 -49.615
Eridanus 66.185 -21.187
"Pal 2" 71.525 31.381
"NGC 1851" 78.528 -40.047
"NGC 1904" 81.044 -24.524
"NGC 2298" 102.248 -36.005
"NGC 2419" 114.535 38.882
"Ko 2" 119.571 26.255
Pyxis 136.991 -37.221
"NGC 2808" 138.013 -64.863
"E 3" 140.238 -77.282
"Pal 3" 151.383 0.072
"NGC 3201" 154.403 -46.412
"ESO 93-8" 169.925 -65.22
"Pal 4" 172.32 28.974
Crater 174.067 -10.877
"Bliss 1" 177.511 -41.772
"Ko 1" 179.827 12.26
"NGC 4147" 182.526 18.543
"NGC 4372" 186.439 -72.659
"Rup 106" 189.667 -51.15
"NGC 4590" 189.867 -26.744
"BH 140" 193.473 -67.177
"NGC 4833" 194.891 -70.877
"NGC 5024" 198.23 18.168
"NGC 5053" 199.113 17.7
"Kim 3" 200.688 -30.601
"NGC 5139" 201.697 -47.48
"NGC 5272" 205.548 28.377
"NGC 5286" 206.612 -51.374
"AM 4" 209.09 -27.167
"NGC 5466" 211.364 28.534
"NGC 5634" 217.405 -5.976
"NGC 5694" 219.901 -26.539
"IC 4499" 225.077 -82.214
"Munoz 1" 225.45 66.969
"NGC 5824" 225.994 -33.068
"Pal 5" 229.019 -0.121
"NGC 5897" 229.352 -21.01
"NGC 5904" 229.638 2.081
"NGC 5927" 232.003 -50.673
"NGC 5946" 233.869 -50.66
"BH 176" 234.781 -50.05
"NGC 5986" 236.512 -37.786
"FSR 1716" 242.625 -53.749
"Pal 14" 242.752 14.958
"BH 184" 242.765 -55.318
"NGC 6093" 244.26 -22.976
"Ryu 059" 244.286 -44.593
"NGC 6121" 245.897 -26.526
"NGC 6101" 246.45 -72.202
"NGC 6144" 246.808 -26.023
"NGC 6139" 246.918 -38.849
"Terzan 3" 247.167 -35.353
"NGC 6171" 248.133 -13.054
"ESO 452-11" 249.854 -28.399
"NGC 6205" 250.422 36.46
"NGC 6229" 251.745 47.528
"NGC 6218" 251.809 -1.949
"FSR 1735" 253.044 -47.058
"NGC 6235" 253.355 -22.177
"NGC 6254" 254.288 -4.1
"NGC 6256" 254.886 -37.121
"Pal 15" 254.963 -0.539
"NGC 6266" 255.303 -30.114
"NGC 6273" 255.657 -26.268
"NGC 6284" 256.119 -24.765
"NGC 6287" 256.288 -22.708
"NGC 6293" 257.543 -26.582
"NGC 6304" 258.634 -29.462
"NGC 6316" 259.155 -28.14
"NGC 6341" 259.281 43.136
"NGC 6325" 259.497 -23.766
"NGC 6333" 259.797 -18.516
"NGC 6342" 260.292 -19.587
"NGC 6356" 260.896 -17.813
"NGC 6355" 260.994 -26.353
"NGC 6352" 261.371 -48.422
"IC 1257" 261.785 -7.093
"Terzan 2" 261.888 -30.802
"NGC 6366" 261.934 -5.08
"Terzan 4" 262.663 -31.596
"BH 229" 262.772 -29.982
"FSR 1758" 262.8 -39.808
"NGC 6362" 262.979 -67.048
"Liller 1" 263.352 -33.39
"NGC 6380" 263.617 -39.069
"Terzan 1" 263.946 -30.481
"Ton 2" 264.044 -38.553
"NGC 6388" 264.072 -44.736
"NGC 6402" 264.4 -3.246
"NGC 6401" 264.652 -23.91
"NGC 6397" 265.175 -53.674
"VVV CL002" 265.276 -28.845
"Pal 6" 265.926 -26.223
"NGC 6426" 266.228 3.17
"Djorg 1" 266.868 -33.066
"Terzan 5" 267.02 -24.779
"NGC 6440" 267.22 -20.36
"NGC 6441" 267.554 -37.051
"Terzan 6" 267.693 -31.275
"NGC 6453" 267.715 -34.599
"UKS 1" 268.613 -24.145
"VVV CL001" 268.677 -24.015
"Gran 1" 269.653 -32.02
"Pfleiderer 2" 269.664 -5.07
"NGC 6496" 269.765 -44.266
"Terzan 9" 270.412 -26.84
"Djorg 2" 270.455 -27.826
"NGC 6517" 270.461 -8.959
"Terzan 10" 270.742 -26.073
"NGC 6522" 270.892 -30.034
"NGC 6535" 270.96 -0.298
"NGC 6528" 271.207 -30.056
"NGC 6539" 271.207 -7.586
"NGC 6540" 271.536 -27.765
"NGC 6544" 271.836 -24.997
"NGC 6541" 272.01 -43.715
"ESO 280-06" 272.275 -46.423
"NGC 6553" 272.323 -25.909
"NGC 6558" 272.573 -31.764
"Pal 7" 272.684 -7.208
"Terzan 12" 273.066 -22.742
"NGC 6569" 273.412 -31.827
"BH 261" 273.527 -28.635
"NGC 6584" 274.657 -52.216
"Mercer 5" 275.832 -13.669
"NGC 6624" 275.919 -30.361
"NGC 6626" 276.137 -24.87
"NGC 6638" 277.734 -25.497
"NGC 6637" 277.846 -32.348
"NGC 6642" 277.975 -23.475
"NGC 6652" 278.94 -32.991
"NGC 6656" 279.1 -23.905
"Pal 8" 280.375 -19.826
"NGC 6681" 280.803 -32.292
"Ryu 879" 281.367 -5.192
"NGC 6712" 283.268 -8.706
"NGC 6715" 283.764 -30.48
"NGC 6717" 283.775 -22.701
"NGC 6723" 284.888 -36.632
"NGC 6749" 286.314 1.901
"NGC 6752" 287.717 -59.985
"NGC 6760" 287.8 1.03
"NGC 6779" 289.148 30.183
"Terzan 7" 289.433 -34.658
"Pal 10" 289.509 18.572
"Arp 2" 292.184 -30.356
"NGC 6809" 294.999 -30.965
"Terzan 8" 295.435 -33.999
"Pal 11" 296.31 -8.007
"NGC 6838" 298.444 18.779
"NGC 6864" 301.52 -21.921
"NGC 6934" 308.547 7.404
"NGC 6981" 313.365 -12.537
"NGC 7006" 315.372 16.187
"Laevens 3" 316.729 14.984
"Segue 3" 320.379 19.117
"NGC 7078" 322.493 12.167
"NGC 7089" 323.363 -0.823
"NGC 7099" 325.092 -23.18
"Pal 12" 326.662 -21.253
"Pal 13" 346.685 12.772
"NGC 7492" 347.111 -15.611
